# Width = 120, Height = 120, Seed = 123, Num of iterations = 300
7	[['blinker', 0, 0, 5, 0]]
15	[['blinker', 0, 1, 12, 8]]
16	[['blinker', 0, 1, 1, 0]]
21	[['blinker', 0, 1, 12, 2]]
22	[['blinker', 0, 0, 12, 2]]
23	[['blinker', 0, 1, 12, 2]]
28	[['blinker', 0, 1, 11, 11]]
39	[['blinker', 0, 1, 1, 4]]
40	[['blinker', 0, 0, 1, 4]]
45	[['blinker', 0, 0, 2, 6]]
60	[['blinker', 0, 1, 1, 10]]
65	[['blinker', 0, 0, 12, 4]]
67	[['blinker', 0, 0, 10, 12]]
73	[['blinker', 0, 1, 9, 6]]
120	[['blinker', 0, 1, 0, 10]]
139	[['blinker', 0, 1, 7, 5]]
140	[['blinker', 0, 0, 7, 5]]
141	[['blinker', 0, 1, 7, 5]]
142	[['blinker', 0, 0, 7, 5]]
143	[['blinker', 0, 1, 7, 5]]
144	[['blinker', 0, 0, 7, 5]]
145	[['blinker', 0, 1, 7, 5]]
146	[['blinker', 0, 0, 7, 5]]
147	[['blinker', 0, 1, 7, 5]]
148	[['blinker', 0, 0, 7, 5]]
149	[['blinker', 0, 1, 7, 5]]
150	[['blinker', 0, 0, 7, 5]]
151	[['blinker', 0, 1, 7, 5]]
152	[['blinker', 0, 0, 7, 5]]
153	[['blinker', 0, 1, 7, 5]]
154	[['blinker', 0, 0, 7, 5]]
155	[['blinker', 0, 1, 7, 5]]
156	[['blinker', 0, 0, 7, 5]]
157	[['blinker', 0, 1, 7, 5]]
158	[['blinker', 0, 0, 7, 5]]
159	[['blinker', 0, 1, 7, 5]]
160	[['blinker', 0, 0, 7, 5]]
161	[['blinker', 0, 1, 7, 5]]
162	[['blinker', 0, 0, 7, 5]]
163	[['blinker', 0, 1, 7, 5]]
164	[['blinker', 0, 0, 7, 5]]
165	[['blinker', 0, 1, 7, 5]]
166	[['blinker', 0, 0, 7, 5]]
167	[['blinker', 0, 1, 7, 5]]
168	[['blinker', 0, 0, 7, 5]]
169	[['blinker', 0, 1, 7, 5]]
170	[['blinker', 0, 0, 7, 5]]
171	[['blinker', 0, 1, 7, 5]]
172	[['blinker', 0, 0, 7, 5]]
173	[['blinker', 0, 1, 7, 5]]
174	[['blinker', 0, 0, 7, 5]]
175	[['blinker', 0, 1, 7, 5]]
176	[['blinker', 0, 0, 7, 5]]
177	[['blinker', 0, 1, 7, 5]]
178	[['blinker', 0, 0, 7, 5]]
179	[['blinker', 0, 1, 7, 5]]
180	[['blinker', 0, 0, 7, 5]]
181	[['blinker', 0, 1, 7, 5]]
182	[['blinker', 0, 0, 7, 5]]
183	[['blinker', 0, 1, 7, 5]]
184	[['blinker', 0, 0, 7, 5]]
185	[['blinker', 0, 1, 7, 5]]
186	[['blinker', 0, 0, 7, 5]]
187	[['blinker', 0, 1, 7, 5]]
188	[['blinker', 0, 0, 7, 5]]
189	[['blinker', 0, 1, 7, 5]]
190	[['blinker', 0, 0, 7, 5]]
191	[['blinker', 0, 1, 7, 5]]
192	[['blinker', 0, 0, 7, 5]]
193	[['blinker', 0, 1, 7, 5]]
194	[['blinker', 0, 0, 7, 5]]
195	[['blinker', 0, 1, 7, 5]]
196	[['blinker', 0, 0, 7, 5]]
197	[['blinker', 0, 1, 7, 5]]
198	[['blinker', 0, 0, 7, 5]]
199	[['blinker', 0, 1, 7, 5]]
200	[['blinker', 0, 0, 7, 5]]
201	[['blinker', 0, 1, 7, 5]]
202	[['blinker', 0, 0, 7, 5]]
203	[['blinker', 0, 1, 7, 5]]
204	[['blinker', 0, 0, 7, 5]]
205	[['blinker', 0, 1, 7, 5]]
206	[['blinker', 0, 0, 7, 5]]
207	[['blinker', 0, 1, 7, 5]]
208	[['blinker', 0, 0, 7, 5]]
209	[['blinker', 0, 1, 7, 5]]
210	[['blinker', 0, 0, 7, 5]]
211	[['blinker', 0, 1, 7, 5]]
212	[['blinker', 0, 0, 7, 5]]
213	[['blinker', 0, 1, 7, 5]]
214	[['blinker', 0, 0, 7, 5]]
215	[['blinker', 0, 1, 7, 5]]
216	[['blinker', 0, 0, 7, 5]]
217	[['blinker', 0, 1, 7, 5]]
218	[['blinker', 0, 0, 7, 5]]
219	[['blinker', 0, 1, 7, 5]]
220	[['blinker', 0, 0, 7, 5]]
221	[['blinker', 0, 1, 7, 5]]
222	[['blinker', 0, 0, 7, 5]]
223	[['blinker', 0, 1, 7, 5]]
224	[['blinker', 0, 0, 7, 5]]
225	[['blinker', 0, 1, 7, 5]]
226	[['blinker', 0, 0, 7, 5]]
227	[['blinker', 0, 1, 7, 5]]
228	[['blinker', 0, 0, 7, 5]]
229	[['blinker', 0, 1, 7, 5]]
230	[['blinker', 0, 0, 7, 5]]
231	[['blinker', 0, 1, 7, 5]]
232	[['blinker', 0, 0, 7, 5]]
233	[['blinker', 0, 1, 7, 5]]
234	[['blinker', 0, 0, 7, 5]]
235	[['blinker', 0, 1, 7, 5]]
236	[['blinker', 0, 0, 7, 5]]
237	[['blinker', 0, 1, 7, 5]]
238	[['blinker', 0, 0, 7, 5]]
239	[['blinker', 0, 1, 7, 5]]
240	[['blinker', 0, 0, 7, 5]]
241	[['blinker', 0, 1, 7, 5]]
242	[['blinker', 0, 0, 7, 5]]
243	[['blinker', 0, 1, 7, 5]]
244	[['blinker', 0, 0, 7, 5]]
245	[['blinker', 0, 1, 7, 5]]
246	[['blinker', 0, 0, 7, 5]]
247	[['blinker', 0, 1, 7, 5]]
248	[['blinker', 0, 0, 7, 5]]
249	[['blinker', 0, 1, 7, 5]]
250	[['blinker', 0, 0, 7, 5]]
251	[['blinker', 0, 1, 7, 5]]
252	[['blinker', 0, 0, 7, 5]]
253	[['blinker', 0, 1, 7, 5]]
254	[['blinker', 0, 0, 7, 5]]
255	[['blinker', 0, 1, 7, 5]]
256	[['blinker', 0, 0, 7, 5]]
257	[['blinker', 0, 1, 7, 5]]
258	[['blinker', 0, 0, 7, 5]]
259	[['blinker', 0, 1, 7, 5]]
260	[['blinker', 0, 0, 7, 5]]
261	[['blinker', 0, 1, 7, 5]]
262	[['blinker', 0, 0, 7, 5]]
263	[['blinker', 0, 1, 7, 5]]
264	[['blinker', 0, 0, 7, 5]]
265	[['blinker', 0, 1, 7, 5]]
266	[['blinker', 0, 0, 7, 5]]
267	[['blinker', 0, 1, 7, 5]]
268	[['blinker', 0, 0, 7, 5]]
269	[['blinker', 0, 1, 7, 5]]
270	[['blinker', 0, 0, 7, 5]]
271	[['blinker', 0, 1, 7, 5]]
272	[['blinker', 0, 0, 7, 5]]
273	[['blinker', 0, 1, 7, 5]]
274	[['blinker', 0, 0, 7, 5]]
275	[['blinker', 0, 1, 7, 5]]
276	[['blinker', 0, 0, 7, 5]]
277	[['blinker', 0, 1, 7, 5]]
278	[['blinker', 0, 0, 7, 5]]
279	[['blinker', 0, 1, 7, 5]]
280	[['blinker', 0, 0, 7, 5]]
281	[['blinker', 0, 1, 7, 5]]
282	[['blinker', 0, 0, 7, 5]]
283	[['blinker', 0, 1, 7, 5]]
284	[['blinker', 0, 0, 7, 5]]
285	[['blinker', 0, 1, 7, 5]]
286	[['blinker', 0, 0, 7, 5]]
287	[['blinker', 0, 1, 7, 5]]
288	[['blinker', 0, 0, 7, 5]]
289	[['blinker', 0, 1, 7, 5]]
290	[['blinker', 0, 0, 7, 5]]
291	[['blinker', 0, 1, 7, 5]]
292	[['blinker', 0, 0, 7, 5]]
293	[['blinker', 0, 1, 7, 5]]
294	[['blinker', 0, 0, 7, 5]]
295	[['blinker', 0, 1, 7, 5]]
296	[['blinker', 0, 0, 7, 5]]
297	[['blinker', 0, 1, 7, 5]]
298	[['blinker', 0, 0, 7, 5]]
299	[['blinker', 0, 1, 7, 5]]
300	[['blinker', 0, 0, 7, 5]]
