# Width = 120, Height = 120, Seed = 123, Num of iterations = 300
143	[['boat', 0, 1, 3, 12]]
144	[['boat', 0, 1, 3, 12]]
145	[['boat', 0, 1, 3, 12]]
146	[['boat', 0, 1, 3, 12]]
147	[['boat', 0, 1, 3, 12]]
148	[['boat', 0, 1, 3, 12]]
149	[['boat', 0, 1, 3, 12]]
150	[['boat', 0, 1, 3, 12]]
151	[['boat', 0, 1, 3, 12]]
152	[['boat', 0, 1, 3, 12]]
153	[['boat', 0, 1, 3, 12]]
154	[['boat', 0, 1, 3, 12]]
155	[['boat', 0, 1, 3, 12]]
156	[['boat', 0, 1, 3, 12]]
157	[['boat', 0, 1, 3, 12]]
158	[['boat', 0, 1, 3, 12]]
159	[['boat', 0, 1, 3, 12]]
160	[['boat', 0, 1, 3, 12]]
161	[['boat', 0, 1, 3, 12]]
162	[['boat', 0, 1, 3, 12]]
163	[['boat', 0, 1, 3, 12]]
164	[['boat', 0, 1, 3, 12]]
165	[['boat', 0, 1, 3, 12]]
166	[['boat', 0, 1, 3, 12]]
167	[['boat', 0, 1, 3, 12]]
168	[['boat', 0, 1, 3, 12]]
169	[['boat', 0, 1, 3, 12]]
170	[['boat', 0, 1, 3, 12]]
171	[['boat', 0, 1, 3, 12]]
172	[['boat', 0, 1, 3, 12]]
173	[['boat', 0, 1, 3, 12]]
174	[['boat', 0, 1, 3, 12]]
175	[['boat', 0, 1, 3, 12]]
176	[['boat', 0, 1, 3, 12]]
177	[['boat', 0, 1, 3, 12]]
178	[['boat', 0, 1, 3, 12]]
179	[['boat', 0, 1, 3, 12]]
180	[['boat', 0, 1, 3, 12]]
181	[['boat', 0, 1, 3, 12]]
182	[['boat', 0, 1, 3, 12]]
183	[['boat', 0, 1, 3, 12]]
184	[['boat', 0, 1, 3, 12]]
185	[['boat', 0, 1, 3, 12]]
186	[['boat', 0, 1, 3, 12]]
187	[['boat', 0, 1, 3, 12]]
188	[['boat', 0, 1, 3, 12]]
189	[['boat', 0, 1, 3, 12]]
190	[['boat', 0, 1, 3, 12]]
191	[['boat', 0, 1, 3, 12]]
192	[['boat', 0, 1, 3, 12]]
193	[['boat', 0, 1, 3, 12]]
194	[['boat', 0, 1, 3, 12]]
195	[['boat', 0, 1, 3, 12]]
196	[['boat', 0, 1, 3, 12]]
197	[['boat', 0, 1, 3, 12]]
198	[['boat', 0, 1, 3, 12]]
199	[['boat', 0, 1, 3, 12]]
200	[['boat', 0, 1, 3, 12]]
201	[['boat', 0, 1, 3, 12]]
202	[['boat', 0, 1, 3, 12]]
203	[['boat', 0, 1, 3, 12]]
204	[['boat', 0, 1, 3, 12]]
205	[['boat', 0, 1, 3, 12]]
206	[['boat', 0, 1, 3, 12]]
207	[['boat', 0, 1, 3, 12]]
208	[['boat', 0, 1, 3, 12]]
209	[['boat', 0, 1, 3, 12]]
210	[['boat', 0, 1, 3, 12]]
211	[['boat', 0, 1, 3, 12]]
212	[['boat', 0, 1, 3, 12]]
213	[['boat', 0, 1, 3, 12]]
214	[['boat', 0, 1, 3, 12]]
215	[['boat', 0, 1, 3, 12]]
216	[['boat', 0, 1, 3, 12]]
217	[['boat', 0, 1, 3, 12]]
218	[['boat', 0, 1, 3, 12]]
219	[['boat', 0, 1, 3, 12]]
220	[['boat', 0, 1, 3, 12]]
221	[['boat', 0, 1, 3, 12]]
222	[['boat', 0, 1, 3, 12]]
223	[['boat', 0, 1, 3, 12]]
224	[['boat', 0, 1, 3, 12]]
225	[['boat', 0, 1, 3, 12]]
226	[['boat', 0, 1, 3, 12]]
227	[['boat', 0, 1, 3, 12]]
228	[['boat', 0, 1, 3, 12]]
229	[['boat', 0, 1, 3, 12]]
230	[['boat', 0, 1, 3, 12]]
231	[['boat', 0, 1, 3, 12]]
232	[['boat', 0, 1, 3, 12]]
233	[['boat', 0, 1, 3, 12]]
234	[['boat', 0, 1, 3, 12]]
235	[['boat', 0, 1, 3, 12]]
236	[['boat', 0, 1, 3, 12]]
237	[['boat', 0, 1, 3, 12]]
238	[['boat', 0, 1, 3, 12]]
239	[['boat', 0, 1, 3, 12]]
240	[['boat', 0, 1, 3, 12]]
241	[['boat', 0, 1, 3, 12]]
242	[['boat', 0, 1, 3, 12]]
243	[['boat', 0, 1, 3, 12]]
244	[['boat', 0, 1, 3, 12]]
245	[['boat', 0, 1, 3, 12]]
246	[['boat', 0, 1, 3, 12]]
247	[['boat', 0, 1, 3, 12]]
248	[['boat', 0, 1, 3, 12]]
249	[['boat', 0, 1, 3, 12]]
250	[['boat', 0, 1, 3, 12]]
251	[['boat', 0, 1, 3, 12]]
252	[['boat', 0, 1, 3, 12]]
253	[['boat', 0, 1, 3, 12]]
254	[['boat', 0, 1, 3, 12]]
255	[['boat', 0, 1, 3, 12]]
256	[['boat', 0, 1, 3, 12]]
257	[['boat', 0, 1, 3, 12]]
258	[['boat', 0, 1, 3, 12]]
259	[['boat', 0, 1, 3, 12]]
260	[['boat', 0, 1, 3, 12]]
261	[['boat', 0, 1, 3, 12]]
262	[['boat', 0, 1, 3, 12]]
263	[['boat', 0, 1, 3, 12]]
264	[['boat', 0, 1, 3, 12]]
265	[['boat', 0, 1, 3, 12]]
266	[['boat', 0, 1, 3, 12]]
267	[['boat', 0, 1, 3, 12]]
268	[['boat', 0, 1, 3, 12]]
269	[['boat', 0, 1, 3, 12]]
270	[['boat', 0, 1, 3, 12]]
271	[['boat', 0, 1, 3, 12]]
272	[['boat', 0, 1, 3, 12]]
273	[['boat', 0, 1, 3, 12]]
274	[['boat', 0, 1, 3, 12]]
275	[['boat', 0, 1, 3, 12]]
276	[['boat', 0, 1, 3, 12]]
277	[['boat', 0, 1, 3, 12]]
278	[['boat', 0, 1, 3, 12]]
279	[['boat', 0, 1, 3, 12]]
280	[['boat', 0, 1, 3, 12]]
281	[['boat', 0, 1, 3, 12]]
282	[['boat', 0, 1, 3, 12]]
283	[['boat', 0, 1, 3, 12]]
284	[['boat', 0, 1, 3, 12]]
285	[['boat', 0, 1, 3, 12]]
286	[['boat', 0, 1, 3, 12]]
287	[['boat', 0, 1, 3, 12]]
288	[['boat', 0, 1, 3, 12]]
289	[['boat', 0, 1, 3, 12]]
290	[['boat', 0, 1, 3, 12]]
291	[['boat', 0, 1, 3, 12]]
292	[['boat', 0, 1, 3, 12]]
293	[['boat', 0, 1, 3, 12]]
294	[['boat', 0, 1, 3, 12]]
295	[['boat', 0, 1, 3, 12]]
296	[['boat', 0, 1, 3, 12]]
297	[['boat', 0, 1, 3, 12]]
298	[['boat', 0, 1, 3, 12]]
299	[['boat', 0, 1, 3, 12]]
300	[['boat', 0, 1, 3, 12]]
