38.0
157.0
19.0
28.0
57.0
40.0
164.0
16.0
100.0
91.0
167.0
34.0
54.0
312.0
218.0
50.0
53.0
132.0
79.0
301.0
219.0
43.0
144.0
87.0
166.0
50.0
87.0
159.0
27.0
92.0
167.0
158.0
80.0
113.0
57.0
43.0
131.0
36.0
54.0
85.0
180.0
113.0
63.0
23.0
28.0
19.0
25.0
37.0
105.0
205.0
87.0
58.0
55.0
59.0
73.0
25.0
301.0
83.0
167.0
51.0
115.0
114.0
129.0
98.0
217.0
82.0
78.0
78.0
430.0
115.0
72.0
138.0
140.0
155.0
173.0
199.0
446.0
26.0
284.0
243.0
43.0
26.0
40.0
56.0
84.0
28.0
202.0
35.0
130.0
107.0
316.0
46.0
183.0
95.0
219.0
335.0
23.0
101.0
143.0
106.0
77.0
57.0
121.0
253.0
31.0
35.0
162.0
24.0
72.0
37.0
46.0
32.0
169.0
261.0
76.0
393.0
199.0
99.0
237.0
63.0
99.0
75.0
40.0
31.0
175.0
242.0
297.0
29.0
27.0
85.0
105.0
56.0
67.0
208.0
75.0
138.0
142.0
71.0
57.0
225.0
91.0
29.0
91.0
223.0
353.0
138.0
22.0
43.0
30.0
17.0
57.0
42.0
98.0
37.0
72.0
71.0
64.0
328.0
119.0
228.0
50.0
219.0
92.0
14.0
76.0
30.0
104.0
66.0
141.0
51.0
34.0
62.0
139.0
182.0
57.0
246.0
46.0
71.0
57.0
30.0
12.0
37.0
59.0
71.0
117.0
25.0
106.0
95.0
224.0
110.0
393.0
90.0
207.0
327.0
35.0
248.0
79.0
61.0
196.0
101.0
211.0
285.0
343.0
222.0
125.0
95.0
33.0
25.0
134.0
157.0
63.0
224.0
69.0
30.0
24.0
171.0
86.0
90.0
55.0
310.0
39.0
143.0
313.0
303.0
65.0
70.0
57.0
71.0
350.0
169.0
146.0
106.0
40.0
99.0
126.0
133.0
18.0
66.0
116.0
40.0
134.0
39.0
81.0
90.0
31.0
89.0
57.0
94.0
320.0
27.0
95.0
128.0
147.0
51.0
47.0
88.0
70.0
50.0
338.0
92.0
22.0
102.0
18.0
64.0
40.0
60.0
40.0
328.0
109.0
191.0
70.0
66.0
89.0
100.0
358.0
36.0
208.0
502.0
185.0
15.0
286.0
122.0
19.0
80.0
11.0
164.0
309.0
101.0
249.0
72.0
50.0
79.0
93.0
105.0
247.0
59.0
287.0
131.0
56.0
113.0
64.0
173.0
467.0
90.0
108.0
100.0
12.0
121.0
16.0
179.0
29.0
98.0
53.0
138.0
323.0
337.0
121.0
48.0
44.0
103.0
79.0
188.0
31.0
125.0
111.0
94.0
203.0
152.0
106.0
39.0
46.0
53.0
72.0
28.0
29.0
74.0
70.0
259.0
121.0
99.0
130.0
99.0
228.0
513.0
250.0
48.0
112.0
296.0
151.0
100.0
50.0
70.0
80.0
27.0
122.0
36.0
179.0
84.0
58.0
122.0
130.0
40.0
45.0
43.0
58.0
165.0
148.0
91.0
76.0
255.0
98.0
92.0
128.0
106.0
155.0
61.0
28.0
249.0
24.0
159.0
134.0
311.0
92.0
236.0
23.0
69.0
59.0
26.0
72.0
82.0
10.0
27.0
48.0
69.0
206.0
125.0
144.0
95.0
138.0
177.0
579.0
36.0
29.0
85.0
190.0
278.0
89.0
14.0
147.0
109.0
32.0
31.0
310.0
149.0
287.0
35.0
91.0
53.0
160.0
97.0
131.0
121.0
54.0
21.0
36.0
128.0
80.0
175.0
53.0
40.0
370.0
53.0
115.0
95.0
75.0
278.0
30.0
85.0
271.0
268.0
69.0
43.0
141.0
180.0
118.0
125.0
360.0
78.0
56.0
93.0
41.0
13.0
132.0
95.0
191.0
70.0
140.0
63.0
86.0
65.0
27.0
136.0
133.0
41.0
30.0
144.0
54.0
209.0
71.0
174.0
174.0
54.0
58.0
24.0
91.0
194.0
36.0
97.0
83.0
104.0
64.0
57.0
72.0
92.0
44.0
109.0
166.0
42.0
83.0
30.0
63.0
61.0
93.0
47.0
44.0
54.0
146.0
42.0
62.0
323.0
42.0
94.0
33.0
227.0
120.0
172.0
177.0
51.0
297.0
50.0
104.0
178.0
23.0
145.0
39.0
123.0
226.0
32.0
157.0
64.0
124.0
51.0
147.0
231.0
13.0
69.0
25.0
192.0
105.0
194.0
22.0
359.0
35.0
12.0
95.0
81.0
58.0
340.0
88.0
21.0
61.0
33.0
82.0
28.0
41.0
24.0
94.0
92.0
90.0
90.0
148.0
327.0
60.0
170.0
47.0
122.0
336.0
119.0
83.0
72.0
56.0
122.0
94.0
130.0
285.0
108.0
90.0
69.0
100.0
116.0
32.0
69.0
84.0
48.0
67.0
182.0
43.0
120.0
10.0
89.0
482.0
96.0
179.0
21.0
145.0
34.0
46.0
41.0
15.0
189.0
67.0
31.0
14.0
19.0
143.0
45.0
158.0
49.0
252.0
70.0
81.0
114.0
26.0
75.0
38.0
43.0
40.0
177.0
190.0
195.0
54.0
140.0
93.0
28.0
123.0
45.0
64.0
257.0
115.0
95.0
147.0
349.0
329.0
82.0
106.0
240.0
163.0
263.0
106.0
15.0
264.0
113.0
74.0
56.0
162.0
16.0
144.0
164.0
188.0
80.0
271.0
58.0
41.0
33.0
53.0
208.0
91.0
177.0
62.0
390.0
37.0
25.0
74.0
82.0
99.0
41.0
95.0
40.0
35.0
109.0
100.0
31.0
135.0
119.0
68.0
16.0
204.0
45.0
86.0
264.0
219.0
44.0
57.0
196.0
64.0
36.0
72.0
49.0
159.0
77.0
121.0
49.0
22.0
138.0
47.0
246.0
34.0
47.0
145.0
72.0
82.0
268.0
62.0
99.0
132.0
92.0
140.0
112.0
29.0
242.0
135.0
89.0
195.0
43.0
126.0
329.0
77.0
36.0
19.0
122.0
101.0
38.0
34.0
269.0
23.0
110.0
16.0
119.0
74.0
69.0
23.0
51.0
128.0
29.0
64.0
81.0
18.0
372.0
91.0
94.0
25.0
45.0
74.0
140.0
168.0
134.0
94.0
108.0
147.0
61.0
98.0
295.0
84.0
543.0
24.0
120.0
40.0
43.0
192.0
181.0
158.0
163.0
40.0
30.0
123.0
222.0
53.0
72.0
79.0
85.0
61.0
17.0
283.0
130.0
161.0
159.0
351.0
63.0
39.0
102.0
34.0
123.0
47.0
32.0
94.0
101.0
88.0
272.0
92.0
105.0
44.0
168.0
75.0
179.0
194.0
35.0
27.0
73.0
340.0
98.0
73.0
115.0
98.0
74.0
43.0
279.0
34.0
42.0
163.0
87.0
209.0
28.0
168.0
63.0
154.0
51.0
54.0
56.0
53.0
206.0
21.0
237.0
132.0
285.0
294.0
24.0
88.0
129.0
215.0
72.0
33.0
321.0
53.0
119.0
108.0
93.0
23.0
103.0
23.0
157.0
160.0
162.0
74.0
40.0
195.0
134.0
66.0
356.0
67.0
27.0
37.0
26.0
36.0
33.0
29.0
88.0
115.0
88.0
106.0
25.0
312.0
60.0
199.0
43.0
115.0
224.0
86.0
72.0
52.0
166.0
22.0
99.0
147.0
29.0
30.0
72.0
253.0
17.0
29.0
71.0
55.0
47.0
12.0
114.0
213.0
278.0
81.0
26.0
34.0
20.0
187.0
41.0
331.0
220.0
53.0
29.0
119.0
212.0
82.0
289.0
59.0
390.0
125.0
74.0
65.0
132.0
46.0
23.0
86.0
159.0
64.0
19.0
82.0
24.0
95.0
209.0
267.0
272.0
50.0
84.0
29.0
58.0
146.0
66.0
81.0
129.0
107.0
43.0
200.0
131.0
269.0
179.0
25.0
260.0
249.0
29.0
79.0
78.0
128.0
70.0
116.0
133.0
78.0
58.0
90.0
123.0
213.0
116.0
149.0
62.0
96.0
20.0
26.0
34.0
116.0
16.0
108.0
65.0
285.0
131.0
174.0
103.0
121.0
63.0
104.0
50.0
51.0
403.0
73.0
61.0
35.0
47.0
38.0
197.0
32.0
93.0
123.0
233.0
60.0
157.0
35.0
133.0
103.0
93.0
606.0
60.0
203.0
111.0
48.0
42.0
346.0
50.0
187.0
176.0
68.0
45.0
86.0
125.0
220.0
98.0
88.0
144.0
29.0
553.0
162.0
35.0
123.0
74.0
35.0
85.0
184.0
19.0
26.0
59.0
293.0
174.0
24.0
121.0
267.0
142.0
106.0
169.0
62.0
59.0
91.0
157.0
83.0
50.0
168.0
256.0
146.0
85.0
109.0
241.0
25.0
77.0
71.0
346.0
60.0
347.0
197.0
83.0
42.0
64.0
131.0
193.0
15.0
41.0
252.0
161.0
45.0
317.0
60.0
28.0
59.0
69.0
12.0
35.0
32.0
34.0
56.0
299.0
165.0
133.0
123.0
237.0
12.0
112.0
80.0
254.0
122.0
89.0
182.0
251.0
154.0
34.0
363.0
237.0
202.0
153.0
39.0
299.0
132.0
33.0
66.0
56.0
64.0
20.0
29.0
26.0
141.0
171.0
383.0
77.0
93.0
74.0
21.0
61.0
40.0
137.0
123.0
181.0
61.0
80.0
78.0
175.0
115.0
262.0
77.0
54.0
76.0
118.0
135.0
463.0
90.0
20.0
31.0
244.0
70.0
69.0
58.0
40.0
48.0
79.0
253.0
97.0
113.0
93.0
131.0
160.0
99.0
160.0
55.0
115.0
66.0
163.0
99.0
256.0
300.0
41.0
21.0
76.0
55.0
168.0
67.0
237.0
117.0
81.0
30.0
36.0
77.0
49.0
147.0
94.0
53.0
134.0
72.0
245.0
60.0
309.0
239.0
152.0
114.0
197.0
144.0
85.0
144.0
52.0
32.0
118.0
180.0
136.0
214.0
133.0
76.0
107.0
117.0
344.0
12.0
14.0
196.0
265.0
60.0
98.0
155.0
113.0
95.0
82.0
147.0
286.0
33.0
62.0
68.0
83.0
259.0
270.0
34.0
35.0
22.0
43.0
274.0
146.0
16.0
69.0
262.0
57.0
75.0
14.0
88.0
66.0
76.0
164.0
58.0
36.0
268.0
79.0
119.0
53.0
41.0
157.0
86.0
121.0
28.0
167.0
177.0
53.0
107.0
91.0
163.0
278.0
153.0
21.0
50.0
120.0
94.0
94.0
225.0
38.0
54.0
84.0
95.0
126.0
141.0
49.0
165.0
32.0
152.0
6.0
185.0
58.0
80.0
32.0
130.0
169.0
92.0
20.0
62.0
104.0
98.0
45.0
58.0
89.0
55.0
30.0
215.0
131.0
180.0
105.0
228.0
304.0
210.0
157.0
48.0
113.0
127.0
87.0
111.0
76.0
70.0
59.0
65.0
41.0
59.0
57.0
40.0
394.0
32.0
128.0
97.0
43.0
137.0
66.0
46.0
89.0
90.0
28.0
152.0
48.0
28.0
122.0
264.0
19.0
86.0
345.0
112.0
166.0
33.0
84.0
115.0
273.0
171.0
61.0
66.0
106.0
160.0
252.0
36.0
129.0
255.0
177.0
172.0
189.0
100.0
64.0
111.0
18.0
16.0
42.0
13.0
138.0
152.0
107.0
67.0
52.0
33.0
312.0
99.0
37.0
180.0
62.0
67.0
139.0
398.0
72.0
321.0
144.0
40.0
64.0
29.0
134.0
144.0
65.0
69.0
126.0
31.0
102.0
139.0
38.0
34.0
67.0
51.0
135.0
101.0
455.0
227.0
27.0
153.0
248.0
211.0
50.0
216.0
52.0
158.0
199.0
184.0
42.0
502.0
78.0
40.0
100.0
116.0
135.0
34.0
43.0
264.0
158.0
95.0
66.0
168.0
119.0
128.0
49.0
65.0
301.0
493.0
22.0
207.0
109.0
170.0
110.0
72.0
58.0
198.0
66.0
88.0
12.0
29.0
53.0
91.0
39.0
14.0
219.0
68.0
36.0
39.0
183.0
96.0
17.0
55.0
54.0
120.0
57.0
330.0
151.0
237.0
198.0
62.0
105.0
98.0
47.0
88.0
49.0
52.0
217.0
78.0
19.0
180.0
147.0
38.0
13.0
66.0
108.0
122.0
49.0
510.0
61.0
343.0
114.0
58.0
65.0
58.0
14.0
164.0
120.0
233.0
62.0
132.0
36.0
62.0
101.0
21.0
172.0
25.0
308.0
86.0
21.0
169.0
109.0
56.0
171.0
29.0
99.0
250.0
123.0
104.0
46.0
37.0
28.0
118.0
172.0
31.0
118.0
216.0
48.0
56.0
28.0
70.0
196.0
221.0
45.0
98.0
60.0
596.0
120.0
139.0
56.0
171.0
47.0
82.0
146.0
37.0
73.0
64.0
78.0
138.0
89.0
46.0
93.0
95.0
129.0
46.0
371.0
141.0
313.0
79.0
56.0
31.0
82.0
62.0
67.0
168.0
327.0
140.0
53.0
32.0
250.0
271.0
53.0
59.0
102.0
124.0
27.0
109.0
49.0
40.0
185.0
52.0
277.0
156.0
199.0
62.0
223.0
38.0
146.0
80.0
64.0
171.0
208.0
111.0
40.0
168.0
127.0
67.0
53.0
65.0
64.0
126.0
110.0
228.0
22.0
51.0
93.0
187.0
18.0
62.0
67.0
129.0
114.0
83.0
102.0
131.0
88.0
25.0
103.0
230.0
141.0
30.0
56.0
161.0
64.0
187.0
74.0
139.0
74.0
67.0
52.0
91.0
47.0
39.0
231.0
168.0
230.0
21.0
61.0
21.0
242.0
29.0
286.0
163.0
25.0
51.0
50.0
84.0
32.0
162.0
426.0
54.0
181.0
146.0
183.0
212.0
212.0
93.0
109.0
73.0
58.0
58.0
78.0
196.0
96.0
235.0
88.0
65.0
175.0
78.0
89.0
45.0
31.0
268.0
69.0
26.0
174.0
299.0
31.0
82.0
183.0
126.0
180.0
455.0
47.0
33.0
36.0
79.0
153.0
49.0
376.0
191.0
66.0
107.0
36.0
223.0
19.0
197.0
273.0
27.0
25.0
125.0
54.0
171.0
98.0
70.0
228.0
151.0
40.0
60.0
75.0
98.0
46.0
169.0
151.0
151.0
17.0
43.0
26.0
47.0
41.0
95.0
204.0
25.0
121.0
173.0
69.0
45.0
72.0
18.0
230.0
79.0
411.0
130.0
188.0
97.0
51.0
89.0
106.0
551.0
64.0
238.0
65.0
43.0
160.0
57.0
58.0
40.0
143.0
58.0
53.0
111.0
105.0
180.0
76.0
457.0
29.0
63.0
61.0
56.0
26.0
57.0
62.0
217.0
30.0
27.0
160.0
296.0
191.0
31.0
216.0
62.0
69.0
39.0
30.0
39.0
86.0
230.0
77.0
69.0
35.0
28.0
155.0
44.0
146.0
263.0
254.0
29.0
115.0
107.0
218.0
292.0
108.0
100.0
168.0
51.0
115.0
42.0
268.0
106.0
31.0
44.0
127.0
63.0
32.0
153.0
75.0
142.0
143.0
24.0
50.0
106.0
236.0
281.0
19.0
39.0
20.0
48.0
29.0
380.0
29.0
13.0
65.0
240.0
330.0
93.0
30.0
128.0
148.0
117.0
212.0
100.0
272.0
175.0
288.0
280.0
39.0
292.0
49.0
333.0
308.0
22.0
174.0
359.0
13.0
103.0
397.0
133.0
64.0
179.0
33.0
107.0
90.0
101.0
63.0
78.0
111.0
31.0
27.0
275.0
250.0
90.0
148.0
46.0
285.0
48.0
76.0
27.0
94.0
37.0
258.0
234.0
42.0
76.0
41.0
91.0
192.0
148.0
32.0
99.0
92.0
107.0
39.0
269.0
68.0
38.0
27.0
44.0
206.0
201.0
30.0
84.0
50.0
222.0
18.0
31.0
60.0
73.0
103.0
25.0
61.0
155.0
34.0
103.0
207.0
48.0
129.0
41.0
28.0
126.0
126.0
91.0
162.0
156.0
165.0
139.0
268.0
183.0
151.0
152.0
219.0
37.0
77.0
23.0
87.0
87.0
36.0
49.0
128.0
118.0
147.0
305.0
55.0
63.0
99.0
161.0
206.0
187.0
17.0
199.0
44.0
10.0
63.0
70.0
193.0
48.0
51.0
29.0
88.0
97.0
22.0
37.0
211.0
93.0
81.0
85.0
34.0
86.0
30.0
152.0
171.0
65.0
269.0
68.0
25.0
98.0
101.0
25.0
44.0
45.0
141.0
68.0
137.0
264.0
228.0
513.0
144.0
40.0
98.0
114.0
58.0
219.0
87.0
260.0
80.0
33.0
216.0
58.0
139.0
80.0
33.0
30.0
125.0
311.0
185.0
108.0
45.0
44.0
249.0
109.0
66.0
125.0
59.0
233.0
20.0
136.0
93.0
57.0
240.0
22.0
121.0
42.0
42.0
66.0
123.0
58.0
356.0
19.0
131.0
78.0
96.0
39.0
45.0
289.0
43.0
37.0
72.0
281.0
163.0
310.0
213.0
254.0
42.0
68.0
25.0
18.0
94.0
139.0
295.0
74.0
87.0
223.0
116.0
152.0
327.0
87.0
140.0
39.0
44.0
23.0
67.0
122.0
144.0
104.0
114.0
58.0
374.0
76.0
80.0
25.0
167.0
23.0
108.0
173.0
186.0
105.0
142.0
66.0
109.0
108.0
111.0
144.0
51.0
123.0
307.0
94.0
59.0
119.0
85.0
240.0
83.0
17.0
60.0
96.0
126.0
58.0
192.0
127.0
54.0
159.0
60.0
347.0
39.0
54.0
145.0
55.0
137.0
159.0
61.0
215.0
87.0
172.0
48.0
33.0
49.0
104.0
227.0
55.0
304.0
38.0
19.0
35.0
95.0
313.0
162.0
113.0
219.0
63.0
149.0
105.0
306.0
75.0
129.0
187.0
44.0
114.0
70.0
92.0
173.0
295.0
85.0
121.0
57.0
12.0
35.0
155.0
119.0
31.0
90.0
225.0
59.0
97.0
33.0
110.0
284.0
67.0
346.0
62.0
118.0
117.0
32.0
22.0
23.0
286.0
79.0
43.0
326.0
246.0
40.0
198.0
34.0
97.0
52.0
159.0
448.0
287.0
53.0
81.0
64.0
378.0
75.0
159.0
199.0
240.0
127.0
85.0
18.0
128.0
89.0
185.0
94.0
56.0
45.0
148.0
46.0
105.0
201.0
155.0
162.0
647.0
49.0
83.0
163.0
78.0
207.0
64.0
114.0
40.0
46.0
93.0
64.0
64.0
321.0
21.0
122.0
59.0
41.0
34.0
44.0
85.0
66.0
23.0
28.0
33.0
113.0
53.0
76.0
39.0
102.0
36.0
73.0
55.0
139.0
44.0
126.0
47.0
47.0
66.0
144.0
44.0
188.0
207.0
35.0
31.0
83.0
54.0
254.0
60.0
78.0
104.0
62.0
156.0
126.0
116.0
104.0
22.0
105.0
223.0
77.0
161.0
62.0
66.0
326.0
105.0
43.0
126.0
54.0
284.0
62.0
53.0
231.0
30.0
42.0
32.0
139.0
37.0
153.0
87.0
16.0
102.0
131.0
50.0
137.0
362.0
40.0
27.0
52.0
74.0
103.0
41.0
67.0
43.0
318.0
25.0
86.0
36.0
95.0
36.0
11.0
137.0
51.0
150.0
18.0
158.0
68.0
58.0
100.0
86.0
38.0
186.0
185.0
24.0
50.0
48.0
23.0
179.0
24.0
161.0
31.0
57.0
414.0
33.0
99.0
19.0
67.0
60.0
83.0
149.0
301.0
202.0
80.0
238.0
86.0
85.0
171.0
247.0
172.0
88.0
76.0
29.0
419.0
262.0
28.0
155.0
193.0
258.0
106.0
101.0
231.0
159.0
89.0
123.0
70.0
21.0
82.0
29.0
92.0
29.0
40.0
167.0
174.0
380.0
25.0
20.0
22.0
193.0
38.0
46.0
131.0
43.0
69.0
495.0
80.0
319.0
21.0
204.0
35.0
109.0
103.0
60.0
115.0
14.0
302.0
36.0
39.0
78.0
279.0
129.0
86.0
120.0
122.0
44.0
18.0
248.0
201.0
42.0
11.0
36.0
197.0
205.0
173.0
293.0
156.0
258.0
45.0
61.0
104.0
84.0
70.0
15.0
131.0
290.0
80.0
196.0
47.0
111.0
121.0
34.0
133.0
202.0
235.0
84.0
101.0
129.0
127.0
104.0
217.0
93.0
108.0
41.0
32.0
13.0
88.0
49.0
38.0
52.0
26.0
29.0
487.0
68.0
18.0
141.0
83.0
57.0
108.0
270.0
70.0
332.0
36.0
153.0
68.0
19.0
301.0
100.0
939.0
67.0
43.0
260.0
185.0
136.0
65.0
165.0
70.0
135.0
81.0
79.0
90.0
244.0
96.0
603.0
490.0
106.0
45.0
65.0
217.0
44.0
141.0
122.0
26.0
28.0
112.0
34.0
129.0
108.0
138.0
147.0
30.0
69.0
142.0
19.0
119.0
78.0
35.0
252.0
108.0
29.0
45.0
142.0
408.0
43.0
132.0
91.0
41.0
43.0
59.0
78.0
38.0
192.0
164.0
193.0
78.0
63.0
86.0
70.0
134.0
42.0
81.0
175.0
27.0
153.0
94.0
134.0
88.0
34.0
300.0
53.0
78.0
45.0
102.0
120.0
56.0
43.0
399.0
46.0
203.0
58.0
71.0
181.0
34.0
54.0
20.0
122.0
63.0
225.0
65.0
17.0
34.0
184.0
249.0
128.0
194.0
113.0
37.0
112.0
32.0
60.0
191.0
89.0
132.0
130.0
76.0
23.0
82.0
60.0
237.0
271.0
122.0
84.0
105.0
310.0
79.0
84.0
152.0
196.0
39.0
91.0
31.0
104.0
33.0
73.0
72.0
124.0
52.0
213.0
67.0
105.0
85.0
132.0
65.0
62.0
253.0
40.0
156.0
431.0
26.0
96.0
142.0
178.0
33.0
122.0
59.0
128.0
74.0
58.0
52.0
106.0
268.0
89.0
125.0
56.0
196.0
437.0
498.0
66.0
90.0
206.0
125.0
12.0
327.0
53.0
55.0
94.0
47.0
228.0
51.0
191.0
30.0
294.0
44.0
115.0
42.0
245.0
30.0
20.0
251.0
39.0
34.0
65.0
306.0
55.0
101.0
101.0
108.0
119.0
18.0
207.0
97.0
55.0
222.0
35.0
158.0
168.0
62.0
147.0
23.0
210.0
102.0
307.0
77.0
186.0
95.0
292.0
77.0
222.0
40.0
209.0
89.0
74.0
237.0
74.0
44.0
22.0
251.0
59.0
193.0
174.0
162.0
100.0
133.0
139.0
169.0
72.0
183.0
129.0
42.0
39.0
297.0
140.0
327.0
338.0
42.0
129.0
72.0
36.0
151.0
34.0
100.0
179.0
255.0
98.0
111.0
137.0
17.0
107.0
23.0
68.0
50.0
293.0
36.0
29.0
106.0
79.0
120.0
32.0
177.0
63.0
175.0
36.0
51.0
175.0
169.0
153.0
128.0
30.0
41.0
191.0
238.0
128.0
107.0
126.0
46.0
212.0
75.0
251.0
37.0
40.0
127.0
191.0
43.0
130.0
57.0
45.0
124.0
32.0
64.0
68.0
164.0
29.0
72.0
44.0
174.0
27.0
104.0
100.0
211.0
61.0
241.0
186.0
107.0
50.0
149.0
73.0
115.0
48.0
174.0
65.0
58.0
172.0
372.0
133.0
86.0
504.0
22.0
94.0
73.0
122.0
86.0
245.0
50.0
40.0
79.0
18.0
99.0
103.0
48.0
85.0
129.0
158.0
85.0
76.0
131.0
124.0
196.0
152.0
137.0
152.0
238.0
71.0
40.0
162.0
194.0
93.0
36.0
154.0
20.0
87.0
43.0
28.0
53.0
38.0
55.0
69.0
63.0
96.0
66.0
25.0
234.0
83.0
114.0
188.0
27.0
144.0
29.0
167.0
64.0
63.0
27.0
33.0
58.0
46.0
120.0
403.0
111.0
307.0
25.0
374.0
130.0
232.0
42.0
56.0
195.0
30.0
72.0
33.0
83.0
64.0
217.0
74.0
140.0
63.0
27.0
445.0
23.0
404.0
197.0
351.0
97.0
24.0
89.0
71.0
70.0
59.0
69.0
67.0
196.0
145.0
69.0
41.0
250.0
187.0
147.0
305.0
35.0
148.0
67.0
232.0
81.0
9.0
174.0
118.0
60.0
152.0
53.0
338.0
106.0
127.0
156.0
62.0
208.0
134.0
431.0
50.0
211.0
134.0
40.0
126.0
17.0
15.0
33.0
129.0
12.0
37.0
444.0
28.0
142.0
66.0
100.0
19.0
45.0
20.0
74.0
108.0
117.0
356.0
56.0
210.0
52.0
68.0
18.0
79.0
168.0
55.0
190.0
136.0
30.0
454.0
17.0
144.0
79.0
39.0
90.0
36.0
81.0
93.0
142.0
48.0
31.0
50.0
119.0
8.0
61.0
62.0
39.0
134.0
87.0
83.0
109.0
170.0
256.0
41.0
11.0
118.0
77.0
105.0
78.0
22.0
41.0
135.0
88.0
102.0
78.0
78.0
29.0
188.0
58.0
97.0
90.0
42.0
102.0
40.0
32.0
51.0
57.0
118.0
67.0
440.0
169.0
45.0
76.0
51.0
52.0
80.0
114.0
76.0
24.0
44.0
89.0
60.0
57.0
49.0
78.0
96.0
62.0
31.0
46.0
425.0
238.0
238.0
262.0
89.0
111.0
146.0
35.0
41.0
74.0
88.0
86.0
145.0
44.0
132.0
31.0
232.0
248.0
151.0
75.0
388.0
37.0
79.0
407.0
92.0
25.0
65.0
97.0
28.0
115.0
227.0
88.0
73.0
57.0
87.0
28.0
97.0
484.0
120.0
269.0
157.0
89.0
111.0
47.0
50.0
180.0
40.0
87.0
34.0
40.0
44.0
110.0
151.0
132.0
123.0
118.0
73.0
68.0
46.0
42.0
16.0
11.0
134.0
121.0
83.0
266.0
77.0
193.0
130.0
146.0
127.0
139.0
149.0
63.0
33.0
114.0
60.0
22.0
105.0
55.0
187.0
268.0
123.0
100.0
116.0
72.0
36.0
301.0
194.0
409.0
75.0
152.0
18.0
59.0
106.0
144.0
46.0
31.0
60.0
83.0
151.0
189.0
59.0
226.0
29.0
33.0
19.0
117.0
381.0
148.0
77.0
34.0
114.0
29.0
39.0
173.0
247.0
31.0
48.0
72.0
123.0
22.0
79.0
93.0
66.0
34.0
316.0
61.0
251.0
26.0
124.0
156.0
42.0
111.0
43.0
12.0
72.0
160.0
148.0
127.0
93.0
176.0
121.0
101.0
68.0
191.0
179.0
30.0
118.0
166.0
231.0
58.0
99.0
239.0
80.0
48.0
141.0
73.0
44.0
139.0
48.0
71.0
152.0
67.0
45.0
56.0
94.0
39.0
172.0
80.0
199.0
256.0
47.0
90.0
154.0
127.0
88.0
24.0
112.0
259.0
167.0
29.0
116.0
76.0
172.0
25.0
58.0
176.0
38.0
226.0
31.0
360.0
128.0
66.0
38.0
51.0
69.0
124.0
224.0
25.0
232.0
141.0
34.0
54.0
177.0
160.0
113.0
20.0
48.0
139.0
146.0
59.0
31.0
36.0
178.0
183.0
97.0
235.0
359.0
131.0
124.0
166.0
37.0
180.0
55.0
45.0
97.0
20.0
162.0
37.0
58.0
124.0
103.0
45.0
109.0
161.0
177.0
69.0
75.0
15.0
62.0
133.0
108.0
41.0
62.0
421.0
12.0
249.0
311.0
17.0
60.0
197.0
199.0
256.0
19.0
185.0
462.0
78.0
48.0
19.0
38.0
308.0
216.0
51.0
189.0
169.0
80.0
88.0
100.0
218.0
169.0
158.0
41.0
112.0
77.0
89.0
56.0
82.0
184.0
17.0
25.0
278.0
206.0
69.0
26.0
79.0
37.0
40.0
45.0
202.0
126.0
210.0
56.0
187.0
70.0
328.0
115.0
85.0
12.0
28.0
252.0
149.0
52.0
26.0
53.0
24.0
312.0
22.0
87.0
276.0
35.0
66.0
130.0
67.0
158.0
255.0
96.0
111.0
236.0
316.0
38.0
86.0
194.0
128.0
111.0
50.0
69.0
65.0
94.0
260.0
14.0
566.0
42.0
88.0
364.0
151.0
104.0
33.0
147.0
282.0
22.0
187.0
23.0
143.0
272.0
27.0
68.0
82.0
53.0
32.0
234.0
322.0
125.0
170.0
83.0
50.0
69.0
279.0
46.0
133.0
115.0
111.0
28.0
219.0
65.0
129.0
131.0
68.0
161.0
16.0
160.0
47.0
270.0
65.0
86.0
58.0
54.0
27.0
59.0
101.0
153.0
70.0
14.0
181.0
41.0
283.0
44.0
18.0
46.0
317.0
72.0
40.0
99.0
126.0
101.0
179.0
48.0
39.0
198.0
57.0
82.0
215.0
53.0
108.0
32.0
367.0
42.0
197.0
29.0
97.0
140.0
291.0
123.0
175.0
111.0
58.0
64.0
83.0
134.0
344.0
158.0
58.0
58.0
96.0
146.0
77.0
27.0
98.0
60.0
58.0
369.0
110.0
97.0
134.0
95.0
164.0
71.0
28.0
173.0
85.0
41.0
71.0
78.0
65.0
149.0
53.0
91.0
153.0
117.0
69.0
46.0
180.0
268.0
15.0
33.0
86.0
55.0
205.0
53.0
19.0
58.0
31.0
201.0
209.0
172.0
74.0
323.0
85.0
80.0
54.0
125.0
229.0
94.0
18.0
139.0
246.0
90.0
129.0
104.0
61.0
88.0
115.0
253.0
234.0
111.0
57.0
110.0
108.0
24.0
124.0
206.0
44.0
251.0
238.0
136.0
19.0
236.0
215.0
155.0
224.0
104.0
36.0
181.0
63.0
17.0
38.0
48.0
21.0
32.0
23.0
102.0
300.0
28.0
93.0
80.0
64.0
67.0
52.0
218.0
185.0
96.0
29.0
111.0
25.0
110.0
133.0
37.0
54.0
97.0
29.0
104.0
61.0
187.0
85.0
38.0
72.0
21.0
66.0
339.0
183.0
48.0
130.0
219.0
199.0
64.0
244.0
223.0
18.0
82.0
150.0
29.0
96.0
77.0
583.0
369.0
31.0
36.0
30.0
32.0
137.0
14.0
73.0
157.0
90.0
18.0
76.0
72.0
137.0
29.0
32.0
42.0
103.0
151.0
97.0
82.0
60.0
55.0
225.0
206.0
150.0
130.0
185.0
125.0
42.0
148.0
153.0
31.0
200.0
412.0
77.0
89.0
115.0
27.0
72.0
137.0
141.0
169.0
61.0
45.0
307.0
13.0
48.0
56.0
105.0
272.0
135.0
13.0
43.0
62.0
164.0
98.0
271.0
43.0
182.0
47.0
152.0
27.0
78.0
65.0
332.0
101.0
151.0
66.0
65.0
201.0
34.0
57.0
62.0
288.0
122.0
42.0
139.0
82.0
102.0
210.0
66.0
53.0
319.0
51.0
90.0
215.0
145.0
153.0
52.0
113.0
154.0
148.0
144.0
35.0
92.0
85.0
364.0
118.0
246.0
20.0
112.0
95.0
34.0
83.0
42.0
82.0
58.0
314.0
118.0
132.0
24.0
45.0
271.0
155.0
142.0
42.0
80.0
113.0
22.0
41.0
39.0
115.0
69.0
38.0
64.0
91.0
34.0
141.0
26.0
169.0
23.0
114.0
99.0
27.0
56.0
82.0
123.0
64.0
274.0
119.0
56.0
156.0
43.0
87.0
73.0
289.0
60.0
45.0
120.0
388.0
43.0
300.0
111.0
109.0
128.0
82.0
166.0
29.0
146.0
42.0
165.0
124.0
67.0
58.0
145.0
25.0
100.0
114.0
154.0
49.0
76.0
90.0
33.0
135.0
153.0
50.0
40.0
60.0
186.0
123.0
48.0
46.0
83.0
38.0
341.0
34.0
156.0
101.0
280.0
107.0
213.0
115.0
25.0
103.0
354.0
463.0
76.0
195.0
45.0
46.0
37.0
89.0
139.0
132.0
37.0
44.0
34.0
156.0
38.0
279.0
303.0
41.0
49.0
196.0
164.0
115.0
40.0
74.0
253.0
46.0
400.0
102.0
140.0
69.0
114.0
51.0
51.0
91.0
50.0
20.0
251.0
68.0
73.0
75.0
23.0
41.0
7.0
68.0
42.0
87.0
102.0
140.0
32.0
241.0
112.0
107.0
21.0
123.0
224.0
59.0
286.0
38.0
157.0
104.0
94.0
55.0
43.0
64.0
293.0
212.0
285.0
182.0
211.0
68.0
263.0
28.0
105.0
85.0
58.0
198.0
63.0
52.0
77.0
230.0
27.0
203.0
30.0
86.0
65.0
187.0
37.0
427.0
90.0
219.0
47.0
405.0
22.0
149.0
136.0
430.0
50.0
122.0
281.0
46.0
211.0
78.0
204.0
66.0
71.0
106.0
168.0
226.0
280.0
107.0
52.0
76.0
151.0
160.0
86.0
99.0
121.0
85.0
15.0
18.0
275.0
21.0
529.0
127.0
178.0
62.0
50.0
256.0
27.0
87.0
36.0
187.0
185.0
113.0
59.0
347.0
40.0
163.0
108.0
96.0
135.0
89.0
48.0
112.0
79.0
26.0
100.0
165.0
53.0
65.0
137.0
26.0
88.0
89.0
189.0
172.0
179.0
7.0
323.0
46.0
73.0
462.0
319.0
151.0
121.0
42.0
145.0
41.0
44.0
92.0
235.0
59.0
235.0
27.0
412.0
15.0
127.0
155.0
345.0
110.0
137.0
93.0
171.0
310.0
27.0
75.0
52.0
156.0
348.0
141.0
151.0
52.0
248.0
54.0
40.0
233.0
207.0
88.0
71.0
39.0
43.0
86.0
108.0
350.0
89.0
54.0
206.0
33.0
212.0
117.0
150.0
190.0
28.0
146.0
99.0
104.0
292.0
112.0
189.0
131.0
79.0
33.0
195.0
69.0
92.0
145.0
54.0
20.0
83.0
49.0
90.0
190.0
144.0
219.0
77.0
220.0
76.0
97.0
58.0
142.0
364.0
81.0
108.0
154.0
15.0
117.0
27.0
191.0
208.0
43.0
204.0
63.0
337.0
49.0
31.0
81.0
43.0
38.0
127.0
81.0
45.0
27.0
84.0
29.0
70.0
123.0
87.0
39.0
48.0
57.0
64.0
368.0
274.0
209.0
50.0
97.0
166.0
39.0
56.0
195.0
80.0
71.0
118.0
104.0
34.0
27.0
35.0
159.0
129.0
219.0
259.0
143.0
244.0
75.0
361.0
368.0
221.0
263.0
137.0
356.0
39.0
27.0
52.0
60.0
46.0
53.0
90.0
228.0
86.0
150.0
56.0
134.0
21.0
441.0
276.0
117.0
204.0
56.0
150.0
66.0
171.0
54.0
102.0
53.0
128.0
176.0
88.0
60.0
56.0
177.0
24.0
291.0
104.0
78.0
30.0
87.0
204.0
113.0
153.0
95.0
62.0
260.0
74.0
87.0
113.0
37.0
54.0
118.0
264.0
24.0
38.0
97.0
142.0
77.0
79.0
56.0
436.0
106.0
101.0
178.0
66.0
181.0
45.0
144.0
152.0
160.0
52.0
178.0
33.0
30.0
51.0
21.0
86.0
121.0
102.0
276.0
114.0
187.0
127.0
178.0
198.0
139.0
81.0
584.0
69.0
141.0
114.0
63.0
60.0
46.0
37.0
176.0
91.0
37.0
53.0
130.0
30.0
48.0
39.0
31.0
142.0
170.0
118.0
62.0
51.0
298.0
141.0
47.0
121.0
120.0
158.0
37.0
58.0
11.0
31.0
44.0
212.0
88.0
128.0
78.0
318.0
95.0
22.0
173.0
212.0
221.0
115.0
35.0
63.0
91.0
184.0
145.0
124.0
123.0
94.0
260.0
187.0
316.0
327.0
266.0
342.0
201.0
26.0
36.0
135.0
86.0
55.0
27.0
265.0
55.0
318.0
192.0
23.0
33.0
95.0
133.0
43.0
62.0
62.0
57.0
51.0
282.0
55.0
177.0
61.0
78.0
126.0
185.0
61.0
33.0
59.0
77.0
244.0
240.0
32.0
39.0
176.0
361.0
27.0
244.0
34.0
320.0
243.0
120.0
128.0
84.0
54.0
70.0
144.0
43.0
133.0
191.0
234.0
49.0
154.0
142.0
148.0
286.0
161.0
187.0
83.0
44.0
55.0
224.0
112.0
96.0
127.0
240.0
46.0
125.0
156.0
33.0
145.0
68.0
31.0
128.0
362.0
42.0
45.0
25.0
68.0
128.0
303.0
71.0
36.0
41.0
41.0
31.0
93.0
115.0
32.0
26.0
119.0
62.0
35.0
56.0
46.0
237.0
34.0
93.0
30.0
111.0
102.0
154.0
284.0
37.0
29.0
392.0
107.0
74.0
143.0
76.0
51.0
104.0
76.0
148.0
353.0
36.0
223.0
165.0
150.0
92.0
67.0
107.0
212.0
35.0
274.0
56.0
61.0
299.0
237.0
45.0
257.0
64.0
85.0
114.0
40.0
48.0
101.0
16.0
197.0
186.0
391.0
98.0
141.0
200.0
89.0
46.0
257.0
7.0
144.0
77.0
75.0
83.0
78.0
222.0
35.0
689.0
459.0
48.0
46.0
49.0
69.0
290.0
57.0
51.0
55.0
62.0
158.0
80.0
59.0
108.0
121.0
314.0
56.0
285.0
36.0
45.0
115.0
72.0
43.0
17.0
97.0
92.0
98.0
47.0
57.0
149.0
353.0
75.0
349.0
99.0
52.0
151.0
29.0
17.0
53.0
164.0
38.0
108.0
44.0
71.0
113.0
132.0
76.0
21.0
192.0
93.0
29.0
30.0
14.0
42.0
56.0
62.0
11.0
229.0
147.0
130.0
32.0
57.0
146.0
114.0
138.0
74.0
21.0
109.0
167.0
116.0
195.0
156.0
35.0
379.0
65.0
58.0
54.0
79.0
21.0
83.0
50.0
51.0
239.0
37.0
99.0
66.0
71.0
52.0
36.0
97.0
79.0
46.0
405.0
50.0
38.0
74.0
122.0
11.0
193.0
94.0
85.0
20.0
180.0
191.0
111.0
498.0
123.0
67.0
95.0
73.0
152.0
96.0
98.0
26.0
131.0
310.0
246.0
58.0
114.0
171.0
328.0
305.0
20.0
27.0
87.0
56.0
293.0
73.0
15.0
60.0
69.0
33.0
66.0
35.0
167.0
33.0
92.0
246.0
125.0
83.0
112.0
134.0
104.0
150.0
149.0
165.0
122.0
276.0
275.0
95.0
137.0
259.0
17.0
93.0
59.0
116.0
87.0
110.0
243.0
241.0
305.0
61.0
22.0
110.0
44.0
164.0
135.0
33.0
124.0
75.0
184.0
25.0
152.0
219.0
55.0
72.0
86.0
245.0
58.0
215.0
67.0
25.0
94.0
62.0
39.0
220.0
41.0
86.0
105.0
368.0
17.0
56.0
304.0
80.0
57.0
165.0
53.0
61.0
71.0
89.0
136.0
45.0
95.0
23.0
49.0
40.0
45.0
54.0
33.0
501.0
75.0
89.0
78.0
124.0
116.0
60.0
40.0
72.0
382.0
12.0
97.0
23.0
84.0
26.0
20.0
195.0
123.0
139.0
91.0
329.0
46.0
57.0
129.0
75.0
63.0
118.0
59.0
195.0
72.0
71.0
99.0
209.0
40.0
79.0
109.0
92.0
123.0
162.0
166.0
115.0
261.0
57.0
215.0
39.0
37.0
221.0
32.0
88.0
65.0
101.0
45.0
85.0
12.0
102.0
125.0
192.0
91.0
125.0
76.0
40.0
240.0
130.0
249.0
47.0
31.0
171.0
80.0
33.0
98.0
126.0
36.0
97.0
157.0
20.0
44.0
30.0
92.0
151.0
193.0
176.0
52.0
76.0
27.0
40.0
160.0
35.0
295.0
55.0
125.0
169.0
58.0
19.0
133.0
264.0
7.0
120.0
27.0
40.0
233.0
134.0
10.0
232.0
66.0
70.0
29.0
67.0
190.0
110.0
185.0
40.0
144.0
144.0
155.0
128.0
79.0
34.0
36.0
113.0
41.0
83.0
279.0
118.0
96.0
121.0
167.0
163.0
53.0
121.0
66.0
72.0
185.0
24.0
84.0
76.0
95.0
105.0
521.0
172.0
200.0
180.0
36.0
19.0
37.0
132.0
110.0
59.0
294.0
12.0
94.0
49.0
234.0
58.0
415.0
44.0
373.0
176.0
83.0
184.0
356.0
64.0
187.0
165.0
89.0
86.0
125.0
282.0
82.0
163.0
72.0
52.0
79.0
47.0
25.0
26.0
151.0
254.0
58.0
25.0
38.0
101.0
67.0
57.0
146.0
70.0
117.0
498.0
29.0
208.0
241.0
223.0
12.0
85.0
49.0
216.0
60.0
170.0
80.0
76.0
86.0
137.0
400.0
207.0
93.0
27.0
14.0
75.0
105.0
354.0
32.0
56.0
637.0
6.0
83.0
177.0
62.0
34.0
114.0
267.0
44.0
33.0
45.0
60.0
62.0
33.0
149.0
156.0
53.0
416.0
43.0
54.0
149.0
100.0
85.0
66.0
47.0
99.0
55.0
35.0
70.0
151.0
46.0
189.0
131.0
134.0
163.0
67.0
48.0
101.0
47.0
60.0
44.0
66.0
154.0
214.0
100.0
111.0
281.0
159.0
67.0
148.0
85.0
73.0
287.0
19.0
148.0
107.0
184.0
185.0
20.0
39.0
192.0
119.0
113.0
88.0
79.0
252.0
155.0
86.0
84.0
124.0
67.0
441.0
119.0
345.0
71.0
193.0
268.0
68.0
137.0
153.0
74.0
95.0
376.0
116.0
40.0
267.0
382.0
23.0
43.0
59.0
136.0
209.0
55.0
226.0
99.0
106.0
209.0
31.0
235.0
265.0
127.0
13.0
78.0
100.0
345.0
35.0
218.0
421.0
196.0
92.0
32.0
391.0
21.0
15.0
280.0
58.0
40.0
240.0
54.0
103.0
101.0
42.0
25.0
204.0
203.0
53.0
106.0
62.0
28.0
25.0
138.0
169.0
31.0
204.0
32.0
73.0
24.0
159.0
23.0
70.0
39.0
242.0
309.0
55.0
184.0
147.0
76.0
55.0
176.0
99.0
109.0
130.0
84.0
67.0
111.0
46.0
73.0
36.0
101.0
23.0
127.0
59.0
67.0
68.0
36.0
48.0
81.0
192.0
337.0
19.0
103.0
131.0
108.0
33.0
121.0
145.0
336.0
85.0
43.0
111.0
64.0
126.0
92.0
251.0
195.0
101.0
48.0
269.0
89.0
126.0
281.0
386.0
92.0
89.0
424.0
140.0
332.0
284.0
73.0
85.0
55.0
33.0
149.0
43.0
31.0
211.0
34.0
73.0
31.0
91.0
275.0
31.0
108.0
78.0
22.0
60.0
136.0
235.0
20.0
74.0
90.0
42.0
132.0
112.0
29.0
213.0
63.0
93.0
278.0
125.0
182.0
120.0
42.0
30.0
177.0
60.0
124.0
84.0
158.0
49.0
95.0
154.0
279.0
72.0
132.0
20.0
80.0
76.0
27.0
101.0
34.0
128.0
17.0
150.0
137.0
43.0
223.0
62.0
28.0
129.0
115.0
32.0
72.0
198.0
26.0
26.0
76.0
279.0
338.0
57.0
276.0
79.0
66.0
432.0
109.0
71.0
51.0
107.0
101.0
53.0
171.0
51.0
170.0
116.0
290.0
47.0
45.0
133.0
100.0
91.0
309.0
80.0
129.0
30.0
31.0
33.0
196.0
106.0
58.0
135.0
85.0
57.0
86.0
101.0
119.0
251.0
44.0
156.0
399.0
174.0
58.0
137.0
32.0
179.0
101.0
379.0
295.0
21.0
120.0
137.0
404.0
54.0
75.0
324.0
14.0
313.0
36.0
209.0
80.0
92.0
224.0
53.0
165.0
43.0
199.0
66.0
33.0
28.0
23.0
55.0
116.0
23.0
41.0
19.0
124.0
165.0
126.0
77.0
367.0
221.0
101.0
123.0
86.0
203.0
64.0
84.0
74.0
107.0
238.0
71.0
91.0
91.0
254.0
84.0
116.0
33.0
67.0
107.0
81.0
233.0
106.0
43.0
167.0
67.0
98.0
164.0
45.0
52.0
78.0
156.0
92.0
24.0
208.0
218.0
45.0
253.0
117.0
123.0
79.0
66.0
77.0
76.0
15.0
101.0
71.0
169.0
38.0
25.0
161.0
36.0
338.0
74.0
252.0
337.0
49.0
56.0
150.0
181.0
119.0
203.0
95.0
45.0
206.0
31.0
60.0
396.0
281.0
50.0
188.0
118.0
374.0
64.0
126.0
93.0
67.0
412.0
83.0
55.0
24.0
46.0
97.0
55.0
204.0
202.0
118.0
110.0
127.0
169.0
225.0
116.0
60.0
83.0
107.0
111.0
99.0
146.0
85.0
147.0
134.0
87.0
119.0
52.0
22.0
85.0
160.0
139.0
112.0
150.0
105.0
120.0
99.0
63.0
179.0
16.0
46.0
268.0
24.0
68.0
132.0
250.0
87.0
640.0
18.0
24.0
326.0
43.0
137.0
202.0
29.0
170.0
53.0
105.0
195.0
242.0
152.0
306.0
158.0
269.0
69.0
72.0
70.0
122.0
55.0
61.0
301.0
68.0
182.0
17.0
139.0
58.0
141.0
177.0
93.0
323.0
88.0
36.0
110.0
30.0
128.0
159.0
237.0
27.0
250.0
62.0
127.0
44.0
82.0
51.0
152.0
127.0
394.0
65.0
143.0
16.0
29.0
155.0
272.0
125.0
18.0
67.0
166.0
127.0
95.0
546.0
47.0
258.0
303.0
53.0
296.0
206.0
68.0
98.0
56.0
97.0
254.0
27.0
262.0
43.0
78.0
51.0
91.0
108.0
52.0
104.0
54.0
179.0
19.0
35.0
55.0
76.0
49.0
500.0
245.0
103.0
67.0
145.0
241.0
20.0
36.0
114.0
66.0
51.0
66.0
44.0
233.0
148.0
55.0
212.0
66.0
141.0
78.0
131.0
64.0
240.0
124.0
80.0
316.0
85.0
111.0
141.0
46.0
393.0
100.0
75.0
356.0
81.0
24.0
169.0
229.0
39.0
310.0
45.0
108.0
175.0
49.0
274.0
61.0
136.0
52.0
45.0
51.0
207.0
56.0
436.0
30.0
84.0
94.0
195.0
174.0
116.0
195.0
253.0
39.0
180.0
32.0
94.0
62.0
452.0
262.0
53.0
44.0
110.0
134.0
43.0
38.0
131.0
53.0
41.0
215.0
41.0
43.0
51.0
262.0
89.0
163.0
20.0
34.0
78.0
64.0
529.0
60.0
155.0
15.0
189.0
68.0
44.0
77.0
64.0
99.0
165.0
23.0
70.0
260.0
151.0
33.0
58.0
36.0
15.0
62.0
145.0
27.0
96.0
109.0
23.0
247.0
139.0
132.0
129.0
76.0
101.0
86.0
91.0
19.0
80.0
87.0
330.0
128.0
82.0
212.0
177.0
122.0
111.0
68.0
99.0
143.0
32.0
130.0
69.0
46.0
75.0
55.0
119.0
88.0
344.0
77.0
53.0
211.0
242.0
25.0
20.0
83.0
22.0
47.0
62.0
86.0
111.0
181.0
39.0
169.0
92.0
73.0
287.0
33.0
108.0
22.0
37.0
76.0
87.0
44.0
112.0
38.0
115.0
273.0
39.0
72.0
24.0
62.0
27.0
69.0
121.0
48.0
418.0
28.0
130.0
43.0
76.0
26.0
19.0
86.0
101.0
24.0
173.0
54.0
57.0
126.0
90.0
19.0
40.0
90.0
32.0
135.0
57.0
277.0
186.0
93.0
92.0
24.0
328.0
35.0
212.0
65.0
97.0
92.0
304.0
74.0
55.0
24.0
34.0
48.0
89.0
203.0
230.0
162.0
41.0
256.0
204.0
210.0
173.0
303.0
182.0
18.0
120.0
152.0
70.0
48.0
40.0
129.0
64.0
227.0
484.0
172.0
18.0
181.0
159.0
39.0
74.0
33.0
113.0
116.0
33.0
46.0
448.0
66.0
42.0
56.0
30.0
29.0
59.0
84.0
163.0
185.0
110.0
237.0
196.0
202.0
139.0
52.0
232.0
65.0
23.0
94.0
31.0
38.0
146.0
55.0
23.0
231.0
396.0
161.0
48.0
34.0
201.0
21.0
74.0
124.0
64.0
126.0
31.0
48.0
12.0
116.0
432.0
12.0
117.0
153.0
8.0
78.0
60.0
48.0
70.0
116.0
49.0
51.0
279.0
201.0
232.0
139.0
21.0
118.0
149.0
185.0
189.0
137.0
147.0
195.0
40.0
17.0
112.0
250.0
47.0
120.0
347.0
90.0
62.0
100.0
335.0
199.0
220.0
42.0
99.0
66.0
150.0
14.0
105.0
105.0
254.0
274.0
81.0
137.0
103.0
48.0
117.0
69.0
222.0
91.0
145.0
27.0
19.0
311.0
177.0
194.0
82.0
36.0
56.0
79.0
97.0
54.0
133.0
45.0
53.0
169.0
136.0
48.0
177.0
58.0
50.0
127.0
499.0
131.0
67.0
105.0
122.0
62.0
94.0
82.0
57.0
95.0
97.0
118.0
138.0
219.0
218.0
70.0
50.0
82.0
126.0
185.0
192.0
97.0
138.0
121.0
151.0
28.0
68.0
56.0
82.0
77.0
233.0
48.0
156.0
80.0
155.0
130.0
85.0
33.0
43.0
169.0
106.0
59.0
163.0
25.0
247.0
93.0
40.0
100.0
144.0
81.0
102.0
260.0
19.0
232.0
118.0
127.0
115.0
41.0
43.0
174.0
175.0
106.0
32.0
19.0
138.0
105.0
93.0
127.0
90.0
131.0
87.0
239.0
39.0
31.0
114.0
25.0
132.0
35.0
30.0
59.0
220.0
104.0
27.0
48.0
40.0
54.0
578.0
143.0
225.0
166.0
174.0
14.0
31.0
25.0
215.0
69.0
40.0
168.0
79.0
49.0
115.0
228.0
30.0
86.0
174.0
118.0
108.0
147.0
217.0
151.0
35.0
27.0
63.0
129.0
59.0
26.0
106.0
236.0
263.0
29.0
82.0
110.0
54.0
71.0
101.0
72.0
109.0
30.0
136.0
52.0
210.0
66.0
223.0
224.0
241.0
160.0
289.0
113.0
140.0
67.0
47.0
153.0
124.0
171.0
52.0
232.0
85.0
163.0
87.0
91.0
102.0
105.0
325.0
69.0
42.0
26.0
242.0
69.0
17.0
41.0
125.0
38.0
77.0
149.0
96.0
75.0
53.0
293.0
203.0
66.0
33.0
76.0
134.0
109.0
119.0
99.0
205.0
150.0
88.0
103.0
264.0
72.0
107.0
121.0
82.0
87.0
39.0
116.0
131.0
76.0
77.0
53.0
17.0
505.0
107.0
186.0
90.0
62.0
98.0
80.0
185.0
133.0
224.0
129.0
126.0
148.0
82.0
76.0
182.0
247.0
109.0
236.0
62.0
322.0
41.0
144.0
198.0
58.0
46.0
58.0
57.0
137.0
32.0
321.0
253.0
241.0
53.0
31.0
64.0
175.0
71.0
163.0
350.0
94.0
29.0
189.0
138.0
89.0
45.0
299.0
174.0
40.0
70.0
154.0
83.0
47.0
30.0
47.0
203.0
92.0
184.0
50.0
72.0
76.0
29.0
303.0
125.0
124.0
221.0
116.0
111.0
312.0
106.0
139.0
44.0
109.0
24.0
469.0
78.0
64.0
78.0
51.0
20.0
33.0
86.0
111.0
43.0
421.0
53.0
204.0
30.0
75.0
18.0
175.0
24.0
55.0
78.0
200.0
160.0
115.0
21.0
209.0
52.0
81.0
80.0
30.0
72.0
103.0
82.0
133.0
99.0
167.0
165.0
73.0
62.0
219.0
254.0
159.0
107.0
36.0
19.0
52.0
123.0
443.0
136.0
95.0
85.0
41.0
66.0
129.0
36.0
89.0
106.0
152.0
25.0
70.0
136.0
42.0
68.0
64.0
338.0
191.0
72.0
93.0
417.0
30.0
37.0
163.0
168.0
206.0
20.0
81.0
98.0
271.0
66.0
67.0
27.0
71.0
114.0
138.0
72.0
71.0
119.0
71.0
25.0
74.0
34.0
137.0
101.0
101.0
267.0
106.0
51.0
89.0
56.0
94.0
87.0
257.0
409.0
155.0
141.0
369.0
61.0
76.0
105.0
193.0
193.0
52.0
71.0
26.0
132.0
320.0
81.0
108.0
185.0
85.0
121.0
181.0
16.0
53.0
199.0
93.0
132.0
76.0
117.0
96.0
181.0
204.0
26.0
249.0
114.0
60.0
91.0
202.0
26.0
42.0
236.0
147.0
105.0
12.0
41.0
137.0
182.0
142.0
208.0
58.0
212.0
145.0
93.0
311.0
38.0
120.0
46.0
25.0
35.0
45.0
47.0
52.0
66.0
272.0
217.0
43.0
92.0
107.0
211.0
34.0
22.0
47.0
144.0
60.0
28.0
93.0
255.0
20.0
40.0
57.0
144.0
484.0
75.0
140.0
211.0
36.0
40.0
22.0
145.0
70.0
67.0
94.0
69.0
51.0
43.0
93.0
39.0
72.0
26.0
34.0
234.0
244.0
65.0
67.0
43.0
60.0
97.0
73.0
100.0
51.0
113.0
13.0
100.0
179.0
262.0
69.0
65.0
201.0
79.0
40.0
365.0
150.0
591.0
89.0
34.0
148.0
38.0
31.0
174.0
36.0
246.0
49.0
41.0
216.0
52.0
25.0
207.0
17.0
145.0
171.0
32.0
100.0
155.0
82.0
238.0
72.0
25.0
37.0
81.0
88.0
18.0
240.0
232.0
86.0
105.0
77.0
343.0
51.0
142.0
23.0
121.0
105.0
29.0
140.0
46.0
108.0
22.0
102.0
268.0
85.0
237.0
181.0
299.0
20.0
252.0
325.0
185.0
56.0
108.0
271.0
173.0
132.0
60.0
94.0
89.0
111.0
94.0
68.0
63.0
60.0
63.0
53.0
269.0
259.0
94.0
16.0
125.0
448.0
34.0
159.0
81.0
39.0
45.0
215.0
141.0
81.0
134.0
295.0
72.0
58.0
72.0
99.0
17.0
194.0
226.0
133.0
296.0
256.0
110.0
220.0
57.0
195.0
49.0
266.0
167.0
162.0
115.0
59.0
119.0
135.0
49.0
431.0
40.0
40.0
70.0
23.0
172.0
86.0
54.0
37.0
39.0
132.0
93.0
58.0
42.0
87.0
137.0
27.0
136.0
217.0
63.0
28.0
77.0
134.0
135.0
44.0
24.0
33.0
40.0
46.0
293.0
260.0
72.0
67.0
23.0
73.0
49.0
31.0
43.0
42.0
104.0
162.0
153.0
99.0
62.0
46.0
32.0
236.0
69.0
271.0
103.0
77.0
224.0
92.0
138.0
612.0
196.0
61.0
41.0
153.0
123.0
24.0
85.0
130.0
81.0
98.0
52.0
174.0
238.0
132.0
41.0
109.0
100.0
108.0
111.0
198.0
153.0
36.0
53.0
59.0
23.0
60.0
100.0
49.0
69.0
67.0
23.0
55.0
149.0
89.0
106.0
94.0
55.0
144.0
37.0
59.0
382.0
92.0
142.0
157.0
215.0
69.0
46.0
120.0
36.0
100.0
127.0
19.0
14.0
20.0
195.0
81.0
133.0
211.0
112.0
153.0
141.0
49.0
63.0
124.0
106.0
93.0
27.0
308.0
393.0
101.0
80.0
67.0
181.0
44.0
266.0
21.0
104.0
222.0
195.0
210.0
177.0
59.0
103.0
150.0
26.0
92.0
187.0
332.0
71.0
65.0
198.0
51.0
64.0
65.0
64.0
43.0
220.0
37.0
50.0
219.0
158.0
84.0
26.0
49.0
13.0
78.0
118.0
70.0
194.0
102.0
55.0
65.0
57.0
188.0
188.0
48.0
279.0
305.0
80.0
224.0
111.0
120.0
430.0
38.0
80.0
349.0
73.0
42.0
30.0
175.0
20.0
13.0
79.0
87.0
353.0
127.0
59.0
50.0
61.0
93.0
87.0
112.0
54.0
37.0
62.0
89.0
70.0
108.0
35.0
13.0
41.0
158.0
26.0
62.0
70.0
41.0
104.0
46.0
298.0
342.0
22.0
70.0
83.0
263.0
108.0
52.0
73.0
85.0
98.0
138.0
114.0
193.0
167.0
99.0
46.0
161.0
288.0
62.0
96.0
21.0
80.0
71.0
74.0
194.0
41.0
54.0
105.0
130.0
69.0
74.0
279.0
101.0
84.0
45.0
39.0
138.0
389.0
155.0
29.0
48.0
18.0
42.0
142.0
45.0
116.0
330.0
34.0
91.0
152.0
108.0
355.0
31.0
42.0
123.0
34.0
138.0
163.0
152.0
90.0
48.0
10.0
28.0
60.0
41.0
266.0
152.0
80.0
36.0
47.0
88.0
623.0
21.0
87.0
175.0
61.0
150.0
159.0
41.0
55.0
74.0
223.0
86.0
38.0
215.0
34.0
176.0
279.0
177.0
34.0
108.0
109.0
30.0
270.0
34.0
130.0
404.0
104.0
49.0
68.0
20.0
47.0
58.0
141.0
58.0
32.0
85.0
109.0
59.0
29.0
25.0
174.0
26.0
72.0
25.0
60.0
127.0
140.0
22.0
210.0
105.0
77.0
51.0
363.0
10.0
122.0
40.0
32.0
18.0
37.0
47.0
151.0
23.0
143.0
174.0
81.0
10.0
91.0
35.0
52.0
170.0
154.0
71.0
25.0
108.0
185.0
97.0
86.0
86.0
291.0
204.0
404.0
84.0
82.0
51.0
125.0
276.0
152.0
46.0
60.0
101.0
129.0
96.0
85.0
73.0
46.0
164.0
46.0
38.0
145.0
198.0
203.0
143.0
232.0
19.0
206.0
61.0
320.0
71.0
31.0
277.0
97.0
60.0
32.0
193.0
100.0
126.0
68.0
281.0
175.0
165.0
61.0
28.0
49.0
99.0
34.0
137.0
144.0
37.0
67.0
38.0
71.0
47.0
234.0
16.0
175.0
51.0
123.0
128.0
88.0
61.0
112.0
61.0
100.0
34.0
93.0
19.0
27.0
30.0
169.0
98.0
57.0
262.0
339.0
169.0
111.0
108.0
68.0
39.0
107.0
98.0
46.0
90.0
37.0
117.0
134.0
39.0
84.0
74.0
80.0
104.0
255.0
544.0
24.0
33.0
105.0
146.0
34.0
122.0
141.0
118.0
201.0
169.0
18.0
34.0
149.0
328.0
84.0
371.0
224.0
309.0
171.0
430.0
158.0
84.0
48.0
98.0
155.0
167.0
16.0
187.0
122.0
108.0
136.0
136.0
218.0
42.0
109.0
83.0
59.0
109.0
28.0
52.0
38.0
30.0
75.0
91.0
395.0
77.0
139.0
117.0
107.0
77.0
159.0
55.0
140.0
33.0
155.0
44.0
128.0
86.0
369.0
55.0
87.0
77.0
374.0
76.0
53.0
73.0
24.0
162.0
39.0
43.0
114.0
98.0
59.0
179.0
292.0
150.0
29.0
166.0
81.0
221.0
246.0
100.0
146.0
131.0
177.0
40.0
149.0
62.0
71.0
26.0
28.0
70.0
34.0
297.0
186.0
116.0
160.0
52.0
34.0
41.0
192.0
455.0
64.0
57.0
89.0
85.0
108.0
127.0
523.0
17.0
42.0
152.0
40.0
145.0
118.0
28.0
207.0
92.0
62.0
108.0
216.0
80.0
57.0
42.0
172.0
156.0
65.0
47.0
107.0
113.0
106.0
32.0
62.0
152.0
32.0
233.0
192.0
136.0
84.0
109.0
154.0
295.0
101.0
81.0
46.0
52.0
138.0
150.0
123.0
263.0
76.0
48.0
51.0
31.0
103.0
47.0
52.0
275.0
275.0
88.0
159.0
208.0
21.0
119.0
91.0
68.0
211.0
203.0
106.0
446.0
58.0
86.0
71.0
44.0
55.0
35.0
345.0
222.0
26.0
135.0
424.0
328.0
163.0
307.0
60.0
11.0
273.0
300.0
113.0
81.0
35.0
24.0
191.0
291.0
73.0
193.0
44.0
113.0
45.0
133.0
137.0
18.0
145.0
94.0
181.0
117.0
45.0
82.0
39.0
603.0
39.0
38.0
51.0
61.0
143.0
120.0
156.0
64.0
120.0
24.0
27.0
128.0
104.0
418.0
92.0
40.0
194.0
357.0
203.0
113.0
90.0
49.0
110.0
237.0
97.0
133.0
36.0
133.0
102.0
120.0
34.0
444.0
43.0
115.0
53.0
124.0
327.0
76.0
234.0
149.0
16.0
33.0
50.0
56.0
92.0
117.0
134.0
52.0
89.0
31.0
29.0
42.0
28.0
397.0
132.0
28.0
53.0
49.0
95.0
295.0
302.0
43.0
58.0
348.0
60.0
25.0
134.0
126.0
30.0
128.0
26.0
38.0
63.0
90.0
17.0
67.0
130.0
46.0
114.0
174.0
441.0
157.0
27.0
327.0
20.0
22.0
92.0
128.0
108.0
171.0
99.0
118.0
54.0
270.0
197.0
93.0
101.0
29.0
160.0
39.0
55.0
101.0
66.0
22.0
251.0
43.0
36.0
113.0
22.0
88.0
72.0
66.0
106.0
108.0
145.0
34.0
239.0
60.0
115.0
94.0
94.0
34.0
153.0
138.0
102.0
124.0
370.0
196.0
280.0
300.0
112.0
80.0
95.0
34.0
171.0
48.0
84.0
43.0
70.0
272.0
34.0
291.0
83.0
48.0
75.0
106.0
84.0
18.0
190.0
50.0
102.0
120.0
356.0
247.0
87.0
169.0
271.0
25.0
81.0
79.0
214.0
118.0
315.0
75.0
179.0
34.0
182.0
50.0
248.0
242.0
88.0
102.0
45.0
143.0
295.0
139.0
55.0
148.0
63.0
85.0
175.0
125.0
49.0
139.0
103.0
166.0
132.0
655.0
53.0
87.0
135.0
78.0
93.0
185.0
93.0
76.0
60.0
40.0
74.0
93.0
65.0
70.0
83.0
61.0
323.0
136.0
101.0
112.0
50.0
16.0
58.0
153.0
32.0
51.0
64.0
56.0
246.0
228.0
46.0
312.0
31.0
89.0
48.0
311.0
169.0
40.0
37.0
212.0
23.0
58.0
254.0
179.0
57.0
262.0
47.0
218.0
148.0
24.0
152.0
193.0
38.0
330.0
95.0
27.0
131.0
116.0
168.0
282.0
136.0
59.0
49.0
185.0
75.0
48.0
115.0
58.0
409.0
96.0
92.0
35.0
243.0
51.0
128.0
53.0
122.0
202.0
38.0
231.0
84.0
114.0
246.0
196.0
146.0
236.0
28.0
86.0
83.0
329.0
49.0
67.0
32.0
89.0
68.0
182.0
89.0
14.0
131.0
69.0
100.0
39.0
84.0
102.0
67.0
29.0
211.0
55.0
55.0
155.0
121.0
316.0
20.0
147.0
136.0
124.0
75.0
193.0
37.0
160.0
216.0
167.0
35.0
120.0
173.0
146.0
228.0
81.0
280.0
136.0
13.0
107.0
423.0
28.0
21.0
128.0
40.0
101.0
107.0
37.0
209.0
100.0
164.0
35.0
259.0
180.0
130.0
43.0
31.0
77.0
25.0
71.0
101.0
42.0
364.0
63.0
15.0
60.0
61.0
100.0
51.0
46.0
108.0
147.0
21.0
66.0
291.0
35.0
49.0
81.0
141.0
97.0
271.0
168.0
193.0
127.0
23.0
89.0
58.0
295.0
64.0
166.0
97.0
263.0
99.0
33.0
29.0
141.0
56.0
150.0
25.0
39.0
95.0
129.0
207.0
49.0
182.0
77.0
209.0
138.0
135.0
190.0
63.0
138.0
112.0
105.0
18.0
58.0
227.0
18.0
49.0
56.0
167.0
98.0
221.0
22.0
116.0
56.0
232.0
45.0
81.0
16.0
59.0
104.0
62.0
108.0
47.0
56.0
271.0
30.0
107.0
68.0
44.0
60.0
154.0
123.0
140.0
62.0
43.0
47.0
357.0
84.0
67.0
51.0
66.0
80.0
175.0
83.0
57.0
157.0
205.0
75.0
124.0
31.0
182.0
67.0
70.0
163.0
57.0
91.0
47.0
77.0
434.0
73.0
280.0
247.0
132.0
54.0
21.0
272.0
145.0
136.0
169.0
186.0
32.0
17.0
183.0
48.0
32.0
121.0
118.0
307.0
70.0
81.0
69.0
174.0
47.0
131.0
40.0
157.0
53.0
25.0
134.0
243.0
113.0
42.0
111.0
186.0
94.0
35.0
160.0
54.0
60.0
177.0
306.0
15.0
82.0
34.0
77.0
222.0
77.0
59.0
143.0
69.0
35.0
344.0
103.0
131.0
48.0
171.0
88.0
101.0
73.0
70.0
22.0
39.0
132.0
69.0
33.0
66.0
93.0
164.0
193.0
67.0
60.0
61.0
219.0
160.0
115.0
73.0
52.0
39.0
35.0
31.0
57.0
95.0
43.0
25.0
76.0
104.0
39.0
68.0
48.0
134.0
231.0
86.0
38.0
102.0
111.0
95.0
127.0
35.0
86.0
251.0
139.0
68.0
277.0
121.0
264.0
279.0
136.0
393.0
81.0
36.0
145.0
91.0
152.0
109.0
222.0
131.0
108.0
76.0
102.0
315.0
136.0
194.0
99.0
14.0
21.0
120.0
42.0
20.0
107.0
167.0
92.0
51.0
36.0
304.0
68.0
131.0
43.0
82.0
112.0
233.0
83.0
347.0
90.0
55.0
108.0
46.0
91.0
145.0
186.0
41.0
169.0
70.0
249.0
240.0
50.0
99.0
81.0
34.0
183.0
102.0
86.0
48.0
172.0
68.0
19.0
45.0
22.0
110.0
120.0
28.0
132.0
23.0
60.0
79.0
14.0
185.0
90.0
31.0
46.0
321.0
70.0
220.0
36.0
238.0
62.0
103.0
115.0
87.0
119.0
21.0
30.0
33.0
80.0
130.0
62.0
265.0
29.0
337.0
33.0
164.0
55.0
165.0
219.0
59.0
48.0
22.0
47.0
52.0
239.0
43.0
35.0
163.0
122.0
163.0
27.0
43.0
68.0
47.0
82.0
98.0
70.0
38.0
34.0
166.0
114.0
68.0
106.0
54.0
16.0
300.0
114.0
98.0
147.0
136.0
74.0
80.0
50.0
350.0
84.0
354.0
37.0
373.0
48.0
209.0
36.0
87.0
82.0
41.0
35.0
105.0
48.0
61.0
98.0
399.0
86.0
276.0
80.0
78.0
124.0
90.0
14.0
108.0
101.0
28.0
162.0
37.0
117.0
152.0
126.0
76.0
134.0
93.0
36.0
70.0
92.0
76.0
135.0
132.0
60.0
111.0
42.0
65.0
183.0
102.0
32.0
151.0
57.0
60.0
103.0
90.0
312.0
133.0
75.0
108.0
126.0
131.0
42.0
372.0
59.0
226.0
140.0
51.0
38.0
12.0
230.0
30.0
17.0
93.0
204.0
83.0
56.0
69.0
166.0
253.0
225.0
48.0
42.0
83.0
40.0
163.0
109.0
82.0
93.0
76.0
46.0
57.0
76.0
71.0
29.0
138.0
174.0
69.0
71.0
54.0
85.0
156.0
248.0
105.0
35.0
144.0
120.0
133.0
86.0
55.0
243.0
176.0
212.0
56.0
137.0
52.0
90.0
128.0
48.0
315.0
55.0
221.0
22.0
41.0
89.0
14.0
215.0
10.0
45.0
40.0
60.0
69.0
177.0
53.0
123.0
247.0
188.0
52.0
30.0
64.0
247.0
85.0
60.0
316.0
174.0
363.0
167.0
53.0
95.0
201.0
30.0
377.0
61.0
80.0
30.0
85.0
139.0
119.0
140.0
44.0
112.0
74.0
135.0
50.0
46.0
55.0
65.0
147.0
370.0
98.0
73.0
51.0
26.0
56.0
91.0
103.0
83.0
86.0
69.0
46.0
57.0
270.0
132.0
24.0
14.0
119.0
54.0
15.0
164.0
122.0
89.0
22.0
48.0
225.0
124.0
155.0
30.0
48.0
157.0
115.0
264.0
82.0
108.0
226.0
193.0
110.0
134.0
71.0
95.0
23.0
92.0
150.0
34.0
120.0
59.0
60.0
100.0
134.0
130.0
42.0
226.0
63.0
58.0
83.0
47.0
91.0
271.0
47.0
62.0
413.0
46.0
268.0
100.0
91.0
64.0
18.0
275.0
134.0
20.0
197.0
35.0
193.0
79.0
56.0
137.0
221.0
48.0
35.0
146.0
70.0
64.0
225.0
29.0
82.0
33.0
148.0
56.0
83.0
58.0
340.0
130.0
61.0
297.0
28.0
142.0
41.0
35.0
33.0
77.0
244.0
282.0
35.0
76.0
63.0
124.0
110.0
117.0
258.0
221.0
215.0
66.0
17.0
94.0
185.0
123.0
48.0
44.0
53.0
99.0
63.0
236.0
29.0
111.0
64.0
32.0
258.0
66.0
321.0
195.0
29.0
65.0
30.0
35.0
54.0
167.0
225.0
284.0
43.0
163.0
28.0
35.0
131.0
297.0
86.0
36.0
107.0
47.0
237.0
240.0
92.0
49.0
88.0
121.0
211.0
17.0
261.0
41.0
136.0
497.0
134.0
50.0
53.0
208.0
46.0
209.0
64.0
100.0
46.0
307.0
40.0
44.0
294.0
134.0
380.0
65.0
33.0
22.0
110.0
189.0
53.0
151.0
14.0
53.0
57.0
54.0
60.0
40.0
253.0
147.0
59.0
50.0
307.0
295.0
50.0
128.0
173.0
79.0
254.0
51.0
152.0
75.0
14.0
367.0
111.0
233.0
152.0
88.0
21.0
373.0
54.0
145.0
75.0
148.0
167.0
131.0
43.0
21.0
250.0
44.0
47.0
15.0
47.0
19.0
58.0
181.0
140.0
293.0
132.0
411.0
154.0
263.0
122.0
69.0
111.0
51.0
59.0
95.0
118.0
30.0
142.0
132.0
128.0
128.0
80.0
55.0
161.0
237.0
64.0
178.0
165.0
71.0
36.0
35.0
182.0
77.0
249.0
51.0
71.0
499.0
169.0
195.0
116.0
61.0
176.0
26.0
196.0
53.0
62.0
32.0
57.0
85.0
188.0
431.0
58.0
232.0
42.0
33.0
330.0
205.0
31.0
222.0
113.0
121.0
119.0
130.0
195.0
89.0
186.0
134.0
103.0
82.0
101.0
40.0
89.0
63.0
32.0
24.0
143.0
105.0
48.0
151.0
216.0
75.0
48.0
35.0
386.0
232.0
67.0
129.0
60.0
134.0
119.0
250.0
215.0
44.0
140.0
284.0
132.0
111.0
112.0
262.0
116.0
102.0
38.0
51.0
32.0
28.0
83.0
35.0
234.0
69.0
27.0
225.0
60.0
165.0
66.0
98.0
200.0
45.0
82.0
63.0
200.0
42.0
111.0
177.0
47.0
177.0
68.0
41.0
93.0
115.0
132.0
102.0
64.0
206.0
45.0
332.0
92.0
75.0
14.0
54.0
99.0
80.0
63.0
12.0
26.0
352.0
92.0
103.0
101.0
116.0
62.0
102.0
47.0
40.0
339.0
70.0
36.0
33.0
55.0
68.0
23.0
34.0
5.0
173.0
69.0
122.0
191.0
85.0
121.0
135.0
52.0
51.0
77.0
47.0
69.0
246.0
100.0
74.0
103.0
87.0
55.0
45.0
69.0
145.0
152.0
47.0
21.0
98.0
55.0
30.0
140.0
173.0
385.0
109.0
29.0
16.0
281.0
96.0
39.0
51.0
77.0
148.0
150.0
97.0
26.0
133.0
240.0
39.0
29.0
61.0
39.0
30.0
78.0
86.0
160.0
22.0
87.0
231.0
96.0
344.0
174.0
202.0
34.0
61.0
244.0
165.0
432.0
107.0
179.0
185.0
77.0
197.0
57.0
118.0
35.0
303.0
68.0
191.0
374.0
43.0
119.0
30.0
145.0
112.0
77.0
47.0
29.0
159.0
113.0
94.0
109.0
64.0
66.0
22.0
81.0
63.0
158.0
92.0
20.0
114.0
17.0
137.0
27.0
402.0
229.0
178.0
376.0
24.0
41.0
109.0
65.0
84.0
220.0
33.0
81.0
53.0
101.0
11.0
36.0
94.0
64.0
31.0
64.0
308.0
85.0
76.0
67.0
160.0
189.0
261.0
105.0
41.0
129.0
59.0
86.0
13.0
254.0
310.0
72.0
67.0
61.0
124.0
38.0
130.0
335.0
86.0
18.0
233.0
51.0
115.0
374.0
63.0
35.0
39.0
34.0
207.0
197.0
27.0
97.0
41.0
21.0
80.0
144.0
15.0
74.0
225.0
133.0
57.0
221.0
175.0
154.0
186.0
23.0
75.0
173.0
36.0
279.0
28.0
303.0
57.0
396.0
111.0
52.0
91.0
116.0
70.0
72.0
136.0
106.0
105.0
64.0
64.0
324.0
62.0
307.0
41.0
38.0
133.0
25.0
21.0
268.0
15.0
127.0
150.0
444.0
307.0
90.0
55.0
44.0
55.0
37.0
46.0
198.0
44.0
381.0
89.0
23.0
42.0
141.0
112.0
193.0
211.0
216.0
15.0
24.0
265.0
77.0
55.0
35.0
22.0
187.0
91.0
118.0
38.0
53.0
185.0
49.0
90.0
144.0
365.0
44.0
57.0
103.0
112.0
40.0
130.0
80.0
153.0
145.0
34.0
55.0
31.0
121.0
32.0
32.0
230.0
132.0
33.0
194.0
224.0
115.0
157.0
24.0
153.0
28.0
82.0
69.0
181.0
71.0
160.0
50.0
107.0
40.0
67.0
68.0
47.0
67.0
35.0
155.0
65.0
335.0
320.0
67.0
41.0
89.0
38.0
175.0
120.0
58.0
135.0
49.0
214.0
85.0
126.0
77.0
27.0
114.0
24.0
137.0
201.0
42.0
211.0
136.0
150.0
154.0
40.0
62.0
64.0
48.0
205.0
33.0
329.0
337.0
227.0
71.0
86.0
49.0
138.0
222.0
97.0
128.0
115.0
284.0
92.0
186.0
94.0
126.0
44.0
61.0
209.0
70.0
36.0
27.0
35.0
11.0
48.0
65.0
144.0
210.0
76.0
204.0
116.0
114.0
112.0
75.0
129.0
77.0
119.0
124.0
42.0
118.0
96.0
51.0
129.0
194.0
84.0
103.0
162.0
230.0
171.0
136.0
160.0
58.0
183.0
52.0
83.0
96.0
70.0
50.0
209.0
32.0
32.0
179.0
342.0
120.0
247.0
113.0
52.0
59.0
89.0
97.0
44.0
102.0
161.0
88.0
16.0
103.0
17.0
342.0
33.0
25.0
141.0
276.0
86.0
50.0
327.0
52.0
17.0
330.0
102.0
68.0
202.0
19.0
15.0
69.0
246.0
208.0
177.0
22.0
69.0
28.0
48.0
59.0
76.0
340.0
41.0
58.0
47.0
165.0
83.0
158.0
164.0
38.0
82.0
78.0
52.0
91.0
59.0
28.0
25.0
131.0
217.0
87.0
468.0
48.0
66.0
17.0
33.0
43.0
131.0
109.0
42.0
76.0
366.0
18.0
316.0
29.0
94.0
363.0
83.0
132.0
105.0
156.0
114.0
169.0
144.0
117.0
133.0
69.0
141.0
121.0
80.0
249.0
146.0
123.0
136.0
202.0
129.0
153.0
278.0
69.0
132.0
86.0
122.0
40.0
64.0
84.0
34.0
225.0
38.0
120.0
25.0
32.0
66.0
37.0
83.0
49.0
265.0
79.0
34.0
122.0
40.0
100.0
37.0
56.0
102.0
48.0
178.0
124.0
359.0
202.0
52.0
158.0
137.0
74.0
179.0
73.0
150.0
113.0
496.0
132.0
139.0
121.0
48.0
59.0
117.0
41.0
57.0
107.0
52.0
95.0
41.0
323.0
317.0
32.0
131.0
93.0
65.0
50.0
25.0
34.0
45.0
107.0
111.0
32.0
298.0
116.0
493.0
93.0
182.0
37.0
131.0
262.0
162.0
54.0
32.0
71.0
230.0
184.0
44.0
163.0
79.0
81.0
131.0
92.0
106.0
39.0
27.0
280.0
61.0
253.0
88.0
184.0
143.0
280.0
87.0
32.0
102.0
65.0
180.0
98.0
58.0
158.0
76.0
94.0
31.0
117.0
46.0
40.0
175.0
163.0
98.0
103.0
160.0
96.0
35.0
43.0
18.0
185.0
114.0
39.0
64.0
35.0
199.0
257.0
161.0
178.0
180.0
74.0
32.0
200.0
476.0
42.0
35.0
58.0
431.0
59.0
17.0
192.0
12.0
157.0
95.0
109.0
129.0
112.0
32.0
48.0
39.0
112.0
130.0
43.0
242.0
178.0
156.0
51.0
254.0
50.0
17.0
114.0
27.0
180.0
102.0
63.0
44.0
79.0
130.0
233.0
42.0
131.0
110.0
40.0
52.0
102.0
106.0
84.0
208.0
52.0
200.0
362.0
69.0
184.0
18.0
63.0
88.0
323.0
220.0
249.0
257.0
158.0
31.0
56.0
59.0
235.0
75.0
107.0
124.0
385.0
68.0
43.0
19.0
161.0
218.0
72.0
67.0
26.0
48.0
50.0
25.0
21.0
149.0
110.0
28.0
142.0
89.0
90.0
99.0
118.0
92.0
84.0
69.0
26.0
26.0
68.0
23.0
30.0
132.0
22.0
35.0
87.0
38.0
50.0
39.0
144.0
66.0
236.0
41.0
65.0
133.0
36.0
92.0
68.0
74.0
83.0
256.0
267.0
81.0
93.0
131.0
183.0
137.0
161.0
65.0
267.0
57.0
311.0
104.0
53.0
92.0
146.0
408.0
151.0
52.0
86.0
44.0
20.0
150.0
111.0
194.0
87.0
145.0
37.0
103.0
43.0
142.0
127.0
159.0
91.0
35.0
78.0
60.0
60.0
65.0
59.0
107.0
395.0
38.0
107.0
25.0
254.0
164.0
164.0
63.0
147.0
44.0
142.0
232.0
253.0
57.0
73.0
239.0
33.0
28.0
106.0
283.0
79.0
90.0
60.0
37.0
98.0
75.0
157.0
72.0
110.0
89.0
109.0
225.0
87.0
281.0
383.0
267.0
336.0
108.0
77.0
11.0
80.0
85.0
232.0
24.0
413.0
166.0
50.0
137.0
96.0
73.0
38.0
65.0
36.0
115.0
107.0
57.0
230.0
127.0
21.0
123.0
55.0
36.0
80.0
38.0
71.0
120.0
202.0
32.0
390.0
58.0
28.0
17.0
112.0
15.0
56.0
44.0
92.0
73.0
64.0
44.0
146.0
92.0
82.0
119.0
32.0
242.0
125.0
229.0
32.0
45.0
77.0
64.0
130.0
110.0
141.0
84.0
97.0
56.0
180.0
65.0
139.0
127.0
57.0
155.0
116.0
93.0
88.0
127.0
75.0
54.0
46.0
37.0
184.0
93.0
254.0
45.0
68.0
64.0
41.0
40.0
91.0
37.0
43.0
125.0
31.0
48.0
89.0
32.0
187.0
103.0
101.0
123.0
357.0
65.0
312.0
394.0
147.0
49.0
39.0
240.0
27.0
271.0
121.0
140.0
47.0
58.0
183.0
81.0
70.0
54.0
137.0
241.0
125.0
133.0
125.0
49.0
257.0
52.0
51.0
86.0
212.0
115.0
127.0
120.0
72.0
97.0
85.0
77.0
48.0
173.0
66.0
148.0
114.0
55.0
48.0
180.0
254.0
60.0
91.0
53.0
38.0
57.0
67.0
70.0
94.0
73.0
32.0
254.0
385.0
51.0
76.0
195.0
78.0
101.0
39.0
116.0
163.0
223.0
302.0
33.0
59.0
46.0
75.0
71.0
48.0
136.0
37.0
126.0
41.0
97.0
66.0
94.0
38.0
208.0
82.0
27.0
224.0
115.0
39.0
72.0
48.0
224.0
126.0
56.0
52.0
48.0
69.0
179.0
40.0
227.0
84.0
162.0
160.0
146.0
59.0
67.0
264.0
271.0
187.0
159.0
79.0
45.0
40.0
62.0
58.0
101.0
39.0
17.0
112.0
136.0
209.0
113.0
104.0
85.0
90.0
60.0
69.0
32.0
49.0
136.0
59.0
304.0
81.0
33.0
175.0
99.0
38.0
45.0
134.0
164.0
55.0
76.0
279.0
185.0
81.0
222.0
63.0
99.0
188.0
90.0
114.0
60.0
179.0
38.0
33.0
212.0
40.0
86.0
117.0
138.0
49.0
73.0
118.0
79.0
23.0
107.0
258.0
56.0
47.0
52.0
244.0
62.0
18.0
72.0
44.0
175.0
83.0
67.0
82.0
86.0
25.0
35.0
170.0
96.0
61.0
183.0
88.0
111.0
92.0
114.0
39.0
134.0
134.0
50.0
46.0
220.0
95.0
190.0
244.0
313.0
116.0
279.0
288.0
76.0
362.0
159.0
60.0
126.0
94.0
9.0
244.0
93.0
48.0
107.0
86.0
115.0
162.0
397.0
71.0
90.0
105.0
110.0
98.0
344.0
236.0
72.0
44.0
100.0
96.0
453.0
185.0
50.0
166.0
169.0
28.0
137.0
307.0
42.0
76.0
283.0
14.0
30.0
201.0
30.0
67.0
22.0
177.0
15.0
115.0
14.0
113.0
59.0
51.0
239.0
284.0
105.0
93.0
146.0
40.0
47.0
210.0
117.0
41.0
189.0
78.0
217.0
164.0
27.0
50.0
92.0
31.0
169.0
86.0
29.0
222.0
71.0
225.0
232.0
54.0
166.0
33.0
50.0
47.0
118.0
42.0
230.0
113.0
71.0
70.0
132.0
26.0
71.0
107.0
143.0
47.0
108.0
56.0
309.0
77.0
138.0
139.0
40.0
145.0
122.0
35.0
42.0
102.0
132.0
50.0
64.0
70.0
393.0
38.0
41.0
30.0
86.0
58.0
26.0
126.0
64.0
30.0
152.0
64.0
136.0
145.0
88.0
121.0
51.0
29.0
90.0
67.0
29.0
237.0
60.0
56.0
83.0
140.0
61.0
258.0
73.0
320.0
63.0
201.0
262.0
35.0
39.0
70.0
138.0
188.0
218.0
94.0
34.0
77.0
98.0
27.0
316.0
88.0
20.0
48.0
41.0
73.0
99.0
356.0
342.0
247.0
201.0
41.0
71.0
158.0
89.0
114.0
76.0
218.0
187.0
19.0
54.0
54.0
28.0
77.0
47.0
74.0
39.0
186.0
162.0
60.0
21.0
66.0
22.0
207.0
64.0
121.0
153.0
116.0
53.0
53.0
134.0
103.0
217.0
48.0
93.0
79.0
182.0
159.0
157.0
105.0
134.0
18.0
77.0
118.0
96.0
243.0
15.0
197.0
230.0
333.0
213.0
132.0
142.0
273.0
199.0
64.0
111.0
86.0
65.0
186.0
138.0
82.0
171.0
37.0
78.0
33.0
165.0
38.0
354.0
186.0
212.0
141.0
449.0
30.0
52.0
32.0
92.0
151.0
211.0
39.0
32.0
209.0
82.0
273.0
66.0
91.0
258.0
44.0
71.0
142.0
277.0
79.0
131.0
82.0
301.0
230.0
212.0
117.0
65.0
39.0
104.0
110.0
60.0
56.0
202.0
145.0
410.0
67.0
166.0
215.0
67.0
64.0
229.0
188.0
99.0
77.0
52.0
43.0
28.0
160.0
89.0
34.0
23.0
265.0
119.0
41.0
77.0
49.0
17.0
49.0
99.0
298.0
65.0
167.0
14.0
75.0
115.0
67.0
37.0
103.0
72.0
100.0
99.0
37.0
37.0
25.0
31.0
58.0
147.0
64.0
161.0
62.0
194.0
80.0
187.0
115.0
148.0
129.0
68.0
189.0
141.0
110.0
84.0
32.0
345.0
67.0
35.0
302.0
123.0
119.0
23.0
131.0
78.0
313.0
72.0
55.0
151.0
113.0
137.0
53.0
42.0
106.0
95.0
265.0
21.0
71.0
296.0
17.0
209.0
62.0
74.0
299.0
404.0
79.0
97.0
36.0
322.0
131.0
11.0
273.0
41.0
54.0
106.0
57.0
250.0
33.0
135.0
50.0
44.0
17.0
74.0
355.0
100.0
147.0
242.0
281.0
37.0
213.0
152.0
113.0
62.0
23.0
54.0
158.0
179.0
252.0
32.0
151.0
161.0
104.0
245.0
41.0
300.0
70.0
36.0
78.0
208.0
117.0
44.0
91.0
48.0
201.0
22.0
93.0
42.0
108.0
57.0
35.0
367.0
179.0
117.0
29.0
120.0
274.0
100.0
64.0
45.0
58.0
103.0
223.0
116.0
145.0
76.0
43.0
84.0
150.0
73.0
144.0
105.0
120.0
92.0
93.0
123.0
129.0
101.0
58.0
86.0
227.0
173.0
49.0
47.0
37.0
32.0
69.0
48.0
83.0
93.0
313.0
197.0
24.0
30.0
101.0
82.0
29.0
180.0
158.0
88.0
153.0
84.0
78.0
59.0
76.0
210.0
254.0
38.0
97.0
65.0
170.0
184.0
100.0
101.0
93.0
40.0
58.0
71.0
142.0
89.0
85.0
134.0
181.0
153.0
148.0
68.0
101.0
258.0
184.0
48.0
54.0
160.0
47.0
174.0
58.0
78.0
102.0
16.0
332.0
65.0
147.0
70.0
131.0
73.0
66.0
106.0
193.0
29.0
282.0
110.0
41.0
148.0
105.0
38.0
53.0
80.0
92.0
72.0
194.0
59.0
51.0
25.0
98.0
16.0
154.0
272.0
55.0
337.0
67.0
133.0
47.0
81.0
266.0
274.0
22.0
23.0
67.0
42.0
19.0
99.0
95.0
125.0
32.0
109.0
58.0
143.0
142.0
137.0
80.0
49.0
99.0
41.0
141.0
161.0
26.0
302.0
68.0
123.0
195.0
67.0
81.0
281.0
76.0
28.0
97.0
175.0
265.0
109.0
114.0
14.0
135.0
133.0
128.0
33.0
281.0
309.0
43.0
139.0
18.0
156.0
183.0
102.0
56.0
76.0
66.0
195.0
122.0
64.0
54.0
260.0
83.0
29.0
57.0
33.0
213.0
90.0
45.0
53.0
132.0
61.0
67.0
113.0
145.0
28.0
70.0
89.0
112.0
33.0
161.0
192.0
36.0
71.0
80.0
125.0
241.0
250.0
151.0
77.0
73.0
73.0
71.0
86.0
227.0
46.0
40.0
207.0
37.0
71.0
30.0
58.0
165.0
139.0
154.0
31.0
114.0
186.0
81.0
392.0
108.0
37.0
210.0
143.0
71.0
43.0
46.0
124.0
27.0
184.0
52.0
100.0
117.0
124.0
226.0
133.0
145.0
35.0
62.0
17.0
56.0
115.0
51.0
457.0
175.0
39.0
45.0
102.0
107.0
116.0
30.0
111.0
236.0
145.0
77.0
101.0
135.0
40.0
28.0
116.0
254.0
71.0
115.0
57.0
107.0
148.0
69.0
59.0
21.0
161.0
22.0
31.0
173.0
31.0
45.0
143.0
115.0
130.0
75.0
206.0
120.0
151.0
319.0
342.0
15.0
26.0
387.0
368.0
222.0
120.0
128.0
307.0
152.0
176.0
56.0
24.0
49.0
101.0
245.0
47.0
47.0
23.0
181.0
34.0
198.0
45.0
327.0
33.0
30.0
121.0
78.0
60.0
60.0
68.0
62.0
109.0
184.0
125.0
73.0
93.0
323.0
98.0
83.0
20.0
108.0
53.0
70.0
67.0
132.0
109.0
173.0
202.0
151.0
305.0
78.0
64.0
28.0
23.0
22.0
31.0
80.0
83.0
69.0
105.0
44.0
32.0
34.0
84.0
95.0
106.0
79.0
40.0
57.0
182.0
117.0
194.0
63.0
28.0
29.0
185.0
26.0
43.0
252.0
27.0
75.0
66.0
97.0
179.0
326.0
54.0
126.0
