170.0
70.0
74.0
21.0
62.0
43.0
42.0
122.0
191.0
163.0
257.0
174.0
129.0
27.0
90.0
100.0
168.0
85.0
92.0
133.0
13.0
114.0
130.0
50.0
40.0
52.0
90.0
54.0
71.0
175.0
15.0
113.0
85.0
169.0
51.0
35.0
31.0
293.0
56.0
38.0
104.0
130.0
89.0
46.0
76.0
64.0
130.0
40.0
93.0
21.0
117.0
91.0
92.0
86.0
63.0
70.0
184.0
366.0
79.0
55.0
410.0
137.0
222.0
98.0
237.0
154.0
287.0
30.0
72.0
302.0
91.0
95.0
84.0
147.0
191.0
267.0
58.0
51.0
197.0
177.0
13.0
65.0
53.0
561.0
116.0
61.0
80.0
55.0
58.0
50.0
52.0
226.0
54.0
40.0
48.0
86.0
97.0
86.0
36.0
66.0
100.0
95.0
71.0
126.0
174.0
256.0
129.0
69.0
225.0
57.0
32.0
148.0
156.0
44.0
20.0
44.0
63.0
245.0
445.0
57.0
44.0
104.0
38.0
193.0
89.0
116.0
33.0
36.0
77.0
333.0
146.0
55.0
77.0
114.0
165.0
104.0
107.0
44.0
481.0
70.0
41.0
36.0
65.0
257.0
48.0
89.0
316.0
21.0
172.0
173.0
115.0
112.0
55.0
102.0
116.0
113.0
82.0
50.0
80.0
227.0
94.0
66.0
434.0
109.0
80.0
95.0
276.0
234.0
74.0
157.0
29.0
212.0
174.0
61.0
48.0
69.0
62.0
30.0
228.0
63.0
79.0
276.0
209.0
160.0
35.0
60.0
77.0
125.0
140.0
82.0
150.0
155.0
124.0
79.0
96.0
36.0
27.0
159.0
240.0
83.0
171.0
67.0
97.0
379.0
131.0
288.0
79.0
64.0
196.0
109.0
119.0
135.0
80.0
35.0
64.0
66.0
169.0
74.0
50.0
108.0
17.0
229.0
207.0
197.0
104.0
264.0
287.0
90.0
48.0
56.0
29.0
104.0
22.0
180.0
61.0
289.0
33.0
86.0
36.0
74.0
31.0
101.0
163.0
73.0
219.0
179.0
60.0
48.0
114.0
269.0
67.0
176.0
151.0
117.0
54.0
93.0
225.0
116.0
34.0
126.0
52.0
79.0
41.0
131.0
71.0
151.0
25.0
45.0
162.0
71.0
39.0
41.0
101.0
114.0
92.0
58.0
205.0
69.0
24.0
51.0
220.0
72.0
50.0
145.0
168.0
78.0
212.0
151.0
100.0
64.0
62.0
44.0
27.0
121.0
54.0
95.0
40.0
351.0
160.0
189.0
419.0
106.0
278.0
224.0
61.0
64.0
57.0
191.0
170.0
210.0
157.0
186.0
93.0
35.0
32.0
171.0
255.0
69.0
330.0
106.0
52.0
117.0
140.0
141.0
113.0
296.0
93.0
32.0
95.0
256.0
52.0
150.0
40.0
76.0
147.0
141.0
319.0
141.0
199.0
181.0
71.0
183.0
70.0
214.0
28.0
33.0
121.0
76.0
40.0
236.0
50.0
125.0
134.0
32.0
19.0
65.0
33.0
44.0
11.0
34.0
48.0
97.0
21.0
97.0
78.0
75.0
34.0
124.0
68.0
103.0
35.0
98.0
295.0
50.0
71.0
466.0
92.0
203.0
90.0
182.0
128.0
244.0
60.0
193.0
259.0
79.0
25.0
151.0
308.0
53.0
96.0
123.0
160.0
94.0
55.0
76.0
112.0
138.0
107.0
56.0
318.0
34.0
57.0
63.0
39.0
44.0
61.0
46.0
40.0
63.0
138.0
98.0
231.0
173.0
78.0
34.0
37.0
53.0
134.0
59.0
165.0
288.0
293.0
111.0
185.0
95.0
46.0
171.0
160.0
75.0
26.0
409.0
322.0
112.0
232.0
33.0
173.0
89.0
30.0
161.0
51.0
25.0
37.0
28.0
68.0
184.0
58.0
265.0
41.0
215.0
52.0
120.0
64.0
229.0
9.0
181.0
135.0
84.0
47.0
50.0
93.0
56.0
141.0
93.0
201.0
94.0
119.0
160.0
69.0
81.0
49.0
270.0
42.0
129.0
164.0
89.0
231.0
54.0
46.0
211.0
134.0
150.0
78.0
46.0
30.0
33.0
42.0
42.0
308.0
67.0
89.0
197.0
187.0
68.0
177.0
112.0
111.0
205.0
22.0
66.0
100.0
68.0
183.0
134.0
74.0
111.0
190.0
91.0
132.0
90.0
52.0
126.0
159.0
51.0
141.0
116.0
57.0
200.0
171.0
68.0
62.0
92.0
22.0
189.0
111.0
36.0
230.0
86.0
61.0
22.0
74.0
70.0
88.0
30.0
84.0
197.0
44.0
87.0
24.0
44.0
129.0
27.0
116.0
42.0
74.0
71.0
415.0
47.0
49.0
320.0
116.0
20.0
148.0
285.0
212.0
76.0
107.0
204.0
77.0
19.0
43.0
49.0
85.0
108.0
61.0
88.0
22.0
187.0
45.0
154.0
161.0
219.0
115.0
55.0
244.0
54.0
24.0
162.0
179.0
138.0
106.0
135.0
168.0
143.0
138.0
71.0
72.0
182.0
79.0
128.0
58.0
308.0
238.0
342.0
54.0
124.0
107.0
61.0
142.0
78.0
72.0
118.0
171.0
119.0
74.0
52.0
291.0
130.0
84.0
220.0
46.0
24.0
79.0
63.0
49.0
68.0
63.0
37.0
15.0
89.0
39.0
353.0
115.0
112.0
39.0
113.0
79.0
114.0
69.0
211.0
200.0
280.0
42.0
113.0
26.0
26.0
126.0
132.0
146.0
178.0
288.0
75.0
112.0
31.0
240.0
57.0
55.0
110.0
286.0
341.0
109.0
45.0
50.0
123.0
18.0
59.0
59.0
45.0
20.0
40.0
177.0
202.0
280.0
72.0
23.0
28.0
46.0
164.0
58.0
105.0
75.0
40.0
251.0
41.0
146.0
163.0
211.0
149.0
63.0
55.0
108.0
340.0
135.0
260.0
142.0
54.0
237.0
179.0
92.0
102.0
54.0
17.0
178.0
246.0
29.0
153.0
25.0
157.0
170.0
54.0
97.0
80.0
104.0
100.0
354.0
64.0
203.0
28.0
39.0
39.0
53.0
80.0
205.0
22.0
60.0
72.0
79.0
146.0
77.0
189.0
62.0
62.0
260.0
57.0
142.0
52.0
195.0
188.0
72.0
76.0
75.0
76.0
55.0
66.0
37.0
111.0
131.0
243.0
313.0
70.0
42.0
160.0
193.0
39.0
123.0
52.0
126.0
209.0
77.0
88.0
187.0
92.0
97.0
110.0
56.0
67.0
304.0
95.0
86.0
74.0
236.0
26.0
139.0
28.0
86.0
141.0
98.0
42.0
79.0
66.0
76.0
41.0
135.0
129.0
75.0
69.0
69.0
134.0
100.0
234.0
59.0
117.0
91.0
389.0
173.0
162.0
191.0
325.0
46.0
243.0
62.0
138.0
132.0
77.0
183.0
74.0
66.0
52.0
33.0
57.0
207.0
58.0
127.0
31.0
217.0
434.0
64.0
151.0
60.0
149.0
159.0
38.0
108.0
56.0
162.0
91.0
100.0
35.0
97.0
116.0
38.0
56.0
152.0
142.0
163.0
265.0
159.0
161.0
61.0
47.0
166.0
83.0
27.0
56.0
241.0
338.0
61.0
126.0
74.0
80.0
114.0
207.0
128.0
63.0
37.0
254.0
230.0
67.0
130.0
33.0
97.0
21.0
365.0
31.0
75.0
49.0
197.0
20.0
47.0
138.0
222.0
24.0
29.0
67.0
47.0
109.0
48.0
158.0
27.0
85.0
76.0
152.0
198.0
33.0
135.0
28.0
105.0
52.0
68.0
407.0
133.0
52.0
70.0
138.0
234.0
162.0
154.0
132.0
69.0
73.0
130.0
192.0
113.0
41.0
136.0
79.0
378.0
33.0
67.0
128.0
149.0
29.0
143.0
87.0
81.0
83.0
172.0
144.0
384.0
109.0
230.0
128.0
51.0
20.0
47.0
159.0
86.0
33.0
101.0
334.0
73.0
38.0
88.0
150.0
207.0
89.0
24.0
48.0
69.0
22.0
125.0
43.0
15.0
97.0
85.0
229.0
150.0
225.0
58.0
83.0
208.0
144.0
57.0
72.0
63.0
40.0
43.0
50.0
54.0
44.0
89.0
379.0
110.0
185.0
266.0
43.0
46.0
95.0
68.0
30.0
110.0
47.0
307.0
40.0
120.0
199.0
83.0
403.0
136.0
45.0
114.0
41.0
213.0
97.0
289.0
71.0
105.0
50.0
233.0
77.0
236.0
62.0
70.0
186.0
22.0
30.0
310.0
70.0
45.0
164.0
110.0
125.0
124.0
43.0
120.0
98.0
402.0
509.0
90.0
45.0
