37.0
10.0
34.0
5.0
103.0
5.0
363.0
100.0
22.0
16.0
71.0
130.0
100.0
25.0
6.0
4.0
123.0
110.0
155.0
6.0
91.0
176.0
39.0
24.0
9.0
56.0
12.0
24.0
89.0
3.0
19.0
38.0
20.0
13.0
27.0
119.0
46.0
116.0
185.0
62.0
159.0
98.0
16.0
155.0
8.0
4.0
8.0
252.0
133.0
55.0
186.0
7.0
19.0
13.0
42.0
25.0
107.0
16.0
300.0
26.0
35.0
21.0
70.0
32.0
50.0
83.0
3.0
6.0
10.0
10.0
98.0
41.0
8.0
24.0
10.0
16.0
11.0
5.0
15.0
15.0
50.0
214.0
85.0
6.0
42.0
110.0
8.0
62.0
7.0
76.0
11.0
6.0
38.0
12.0
80.0
42.0
46.0
17.0
4.0
16.0
12.0
127.0
377.0
73.0
77.0
7.0
17.0
92.0
8.0
40.0
92.0
45.0
10.0
3.0
44.0
19.0
94.0
143.0
35.0
10.0
85.0
8.0
125.0
109.0
4.0
29.0
29.0
21.0
23.0
9.0
176.0
5.0
172.0
23.0
8.0
22.0
46.0
42.0
6.0
44.0
160.0
77.0
187.0
6.0
40.0
272.0
309.0
10.0
8.0
4.0
35.0
42.0
62.0
5.0
169.0
40.0
188.0
4.0
95.0
63.0
12.0
4.0
56.0
74.0
11.0
103.0
35.0
71.0
119.0
13.0
4.0
42.0
15.0
31.0
50.0
53.0
34.0
43.0
68.0
6.0
6.0
244.0
186.0
43.0
5.0
6.0
14.0
5.0
21.0
149.0
254.0
66.0
29.0
322.0
29.0
25.0
46.0
42.0
5.0
5.0
13.0
114.0
9.0
85.0
4.0
12.0
10.0
2.0
371.0
181.0
43.0
74.0
16.0
31.0
101.0
24.0
10.0
91.0
14.0
43.0
21.0
9.0
2.0
92.0
6.0
51.0
93.0
20.0
10.0
11.0
31.0
114.0
40.0
40.0
89.0
87.0
11.0
66.0
9.0
58.0
397.0
55.0
44.0
14.0
2.0
76.0
166.0
34.0
102.0
4.0
37.0
206.0
79.0
273.0
17.0
11.0
6.0
15.0
5.0
69.0
108.0
5.0
81.0
59.0
9.0
28.0
14.0
25.0
138.0
15.0
115.0
8.0
40.0
23.0
70.0
5.0
3.0
46.0
12.0
5.0
25.0
32.0
37.0
24.0
3.0
21.0
14.0
41.0
16.0
79.0
7.0
175.0
63.0
113.0
331.0
3.0
46.0
8.0
29.0
39.0
206.0
6.0
25.0
120.0
80.0
10.0
9.0
90.0
16.0
40.0
4.0
24.0
171.0
354.0
31.0
120.0
23.0
63.0
62.0
34.0
8.0
12.0
70.0
34.0
27.0
79.0
141.0
206.0
16.0
101.0
38.0
5.0
231.0
101.0
144.0
60.0
82.0
47.0
60.0
25.0
5.0
224.0
16.0
12.0
3.0
4.0
196.0
5.0
28.0
34.0
48.0
62.0
38.0
186.0
23.0
58.0
11.0
2.0
10.0
174.0
88.0
4.0
17.0
15.0
84.0
11.0
81.0
7.0
12.0
6.0
43.0
157.0
16.0
3.0
52.0
8.0
14.0
2.0
6.0
21.0
8.0
17.0
124.0
15.0
8.0
157.0
26.0
33.0
32.0
136.0
13.0
17.0
2.0
8.0
52.0
2.0
297.0
7.0
62.0
175.0
26.0
77.0
32.0
7.0
213.0
16.0
157.0
100.0
6.0
161.0
137.0
8.0
4.0
82.0
53.0
6.0
285.0
2.0
82.0
4.0
61.0
99.0
8.0
156.0
10.0
82.0
46.0
54.0
89.0
9.0
99.0
108.0
12.0
48.0
103.0
117.0
95.0
17.0
6.0
41.0
18.0
13.0
132.0
23.0
11.0
170.0
162.0
11.0
11.0
8.0
33.0
456.0
3.0
37.0
257.0
63.0
28.0
101.0
21.0
5.0
145.0
49.0
18.0
191.0
11.0
102.0
4.0
5.0
9.0
20.0
4.0
69.0
11.0
164.0
15.0
66.0
12.0
13.0
41.0
19.0
208.0
60.0
383.0
8.0
4.0
62.0
355.0
37.0
13.0
58.0
97.0
300.0
32.0
184.0
27.0
41.0
4.0
55.0
95.0
42.0
56.0
8.0
245.0
101.0
10.0
13.0
18.0
93.0
325.0
12.0
4.0
4.0
11.0
113.0
38.0
176.0
11.0
357.0
7.0
186.0
87.0
7.0
48.0
23.0
4.0
51.0
22.0
75.0
12.0
28.0
144.0
437.0
120.0
160.0
118.0
21.0
44.0
171.0
3.0
13.0
3.0
193.0
8.0
144.0
59.0
3.0
41.0
101.0
106.0
125.0
107.0
136.0
16.0
4.0
96.0
10.0
326.0
118.0
145.0
110.0
67.0
11.0
83.0
93.0
107.0
9.0
148.0
557.0
116.0
53.0
15.0
3.0
36.0
41.0
334.0
82.0
37.0
2.0
281.0
82.0
21.0
20.0
123.0
83.0
12.0
48.0
5.0
35.0
334.0
8.0
30.0
118.0
20.0
126.0
207.0
11.0
65.0
8.0
208.0
110.0
18.0
180.0
9.0
30.0
16.0
6.0
96.0
45.0
113.0
29.0
69.0
6.0
78.0
243.0
44.0
6.0
3.0
28.0
245.0
8.0
100.0
59.0
6.0
295.0
125.0
4.0
286.0
10.0
157.0
159.0
31.0
7.0
6.0
31.0
100.0
155.0
14.0
5.0
103.0
91.0
54.0
33.0
12.0
132.0
88.0
104.0
11.0
21.0
12.0
6.0
42.0
3.0
61.0
12.0
37.0
69.0
193.0
168.0
100.0
99.0
361.0
29.0
67.0
326.0
3.0
15.0
38.0
43.0
28.0
493.0
83.0
82.0
13.0
13.0
5.0
203.0
70.0
89.0
3.0
124.0
139.0
12.0
10.0
5.0
39.0
285.0
26.0
107.0
326.0
202.0
5.0
86.0
22.0
72.0
39.0
109.0
49.0
99.0
122.0
19.0
51.0
40.0
42.0
7.0
6.0
37.0
212.0
48.0
3.0
54.0
353.0
48.0
70.0
102.0
24.0
471.0
163.0
93.0
223.0
56.0
72.0
105.0
40.0
27.0
8.0
41.0
167.0
49.0
66.0
128.0
4.0
16.0
25.0
243.0
154.0
5.0
161.0
140.0
163.0
75.0
34.0
127.0
44.0
8.0
20.0
6.0
13.0
98.0
31.0
117.0
14.0
6.0
14.0
67.0
35.0
193.0
17.0
13.0
38.0
6.0
89.0
73.0
81.0
22.0
11.0
13.0
145.0
16.0
5.0
69.0
5.0
160.0
161.0
8.0
2.0
55.0
73.0
3.0
40.0
7.0
16.0
8.0
12.0
92.0
19.0
122.0
38.0
264.0
24.0
5.0
83.0
110.0
235.0
114.0
58.0
522.0
78.0
33.0
160.0
41.0
3.0
108.0
58.0
18.0
13.0
42.0
220.0
328.0
4.0
8.0
60.0
95.0
12.0
5.0
10.0
13.0
20.0
23.0
212.0
8.0
3.0
43.0
18.0
3.0
10.0
68.0
47.0
21.0
13.0
53.0
56.0
15.0
103.0
64.0
167.0
9.0
32.0
201.0
76.0
155.0
365.0
29.0
37.0
12.0
13.0
70.0
160.0
236.0
8.0
6.0
11.0
70.0
40.0
7.0
41.0
46.0
26.0
28.0
371.0
111.0
205.0
7.0
32.0
147.0
28.0
19.0
75.0
246.0
15.0
115.0
188.0
98.0
206.0
6.0
41.0
18.0
180.0
69.0
86.0
44.0
82.0
7.0
56.0
31.0
4.0
133.0
12.0
160.0
7.0
277.0
63.0
12.0
68.0
87.0
10.0
168.0
170.0
17.0
31.0
53.0
101.0
34.0
47.0
176.0
14.0
5.0
209.0
31.0
41.0
16.0
86.0
101.0
40.0
141.0
48.0
296.0
10.0
189.0
10.0
27.0
412.0
111.0
28.0
138.0
8.0
174.0
159.0
64.0
205.0
160.0
174.0
65.0
20.0
236.0
40.0
3.0
77.0
56.0
60.0
70.0
11.0
385.0
39.0
179.0
28.0
987.0
157.0
49.0
130.0
6.0
7.0
92.0
98.0
6.0
187.0
5.0
134.0
6.0
23.0
87.0
48.0
101.0
5.0
34.0
3.0
83.0
46.0
10.0
107.0
157.0
202.0
495.0
134.0
14.0
33.0
125.0
23.0
193.0
6.0
91.0
25.0
51.0
87.0
46.0
46.0
67.0
48.0
48.0
16.0
87.0
44.0
69.0
24.0
158.0
6.0
93.0
241.0
50.0
19.0
15.0
47.0
50.0
103.0
6.0
86.0
40.0
18.0
167.0
62.0
56.0
10.0
131.0
204.0
7.0
121.0
51.0
18.0
6.0
85.0
147.0
115.0
26.0
225.0
68.0
48.0
20.0
15.0
26.0
16.0
111.0
213.0
168.0
300.0
103.0
19.0
6.0
51.0
17.0
35.0
95.0
152.0
8.0
24.0
9.0
49.0
77.0
75.0
120.0
34.0
21.0
29.0
50.0
66.0
5.0
60.0
75.0
37.0
11.0
109.0
83.0
24.0
18.0
17.0
30.0
35.0
70.0
78.0
14.0
127.0
77.0
3.0
87.0
57.0
139.0
39.0
7.0
4.0
3.0
10.0
206.0
3.0
40.0
11.0
8.0
8.0
122.0
17.0
6.0
145.0
102.0
63.0
5.0
119.0
72.0
54.0
78.0
183.0
101.0
80.0
81.0
5.0
4.0
2.0
199.0
6.0
176.0
97.0
170.0
5.0
8.0
9.0
32.0
149.0
12.0
73.0
3.0
20.0
13.0
9.0
14.0
118.0
225.0
17.0
125.0
3.0
44.0
24.0
15.0
28.0
75.0
146.0
609.0
17.0
129.0
335.0
120.0
30.0
160.0
128.0
117.0
26.0
72.0
94.0
53.0
161.0
5.0
3.0
107.0
28.0
9.0
6.0
57.0
2.0
19.0
19.0
3.0
49.0
8.0
8.0
6.0
75.0
75.0
88.0
110.0
15.0
6.0
2.0
10.0
54.0
137.0
149.0
7.0
206.0
6.0
170.0
3.0
3.0
237.0
18.0
17.0
66.0
78.0
12.0
252.0
111.0
88.0
106.0
112.0
95.0
8.0
7.0
5.0
78.0
79.0
191.0
4.0
122.0
11.0
95.0
90.0
38.0
6.0
9.0
3.0
261.0
38.0
33.0
21.0
118.0
112.0
18.0
54.0
41.0
258.0
44.0
158.0
179.0
31.0
27.0
137.0
3.0
359.0
220.0
3.0
152.0
6.0
88.0
92.0
52.0
142.0
7.0
60.0
205.0
112.0
73.0
13.0
76.0
191.0
20.0
28.0
17.0
588.0
96.0
383.0
5.0
82.0
21.0
40.0
4.0
122.0
140.0
23.0
26.0
67.0
25.0
238.0
3.0
100.0
4.0
7.0
236.0
6.0
11.0
45.0
6.0
69.0
6.0
2.0
76.0
8.0
185.0
56.0
85.0
18.0
136.0
32.0
92.0
3.0
122.0
67.0
199.0
12.0
116.0
20.0
31.0
79.0
2.0
48.0
7.0
11.0
181.0
99.0
59.0
6.0
145.0
17.0
15.0
16.0
234.0
104.0
26.0
28.0
36.0
84.0
46.0
44.0
6.0
30.0
50.0
337.0
108.0
10.0
24.0
32.0
39.0
9.0
104.0
152.0
129.0
12.0
7.0
99.0
34.0
201.0
5.0
66.0
29.0
29.0
175.0
82.0
70.0
86.0
25.0
6.0
114.0
285.0
28.0
144.0
7.0
124.0
118.0
50.0
87.0
86.0
30.0
108.0
6.0
203.0
94.0
41.0
38.0
11.0
4.0
162.0
41.0
13.0
6.0
65.0
26.0
276.0
26.0
31.0
271.0
48.0
544.0
66.0
2.0
103.0
49.0
4.0
53.0
333.0
115.0
97.0
161.0
5.0
23.0
237.0
73.0
6.0
90.0
2.0
7.0
7.0
33.0
95.0
101.0
389.0
41.0
10.0
11.0
134.0
27.0
8.0
12.0
3.0
12.0
37.0
10.0
38.0
37.0
35.0
40.0
40.0
24.0
33.0
228.0
27.0
17.0
12.0
13.0
4.0
65.0
5.0
22.0
7.0
87.0
48.0
4.0
56.0
91.0
30.0
265.0
87.0
11.0
231.0
8.0
111.0
227.0
17.0
155.0
44.0
128.0
70.0
237.0
6.0
57.0
67.0
71.0
8.0
6.0
60.0
12.0
88.0
4.0
180.0
65.0
296.0
194.0
40.0
30.0
14.0
94.0
125.0
6.0
43.0
235.0
56.0
24.0
34.0
68.0
296.0
54.0
11.0
18.0
3.0
73.0
7.0
59.0
47.0
14.0
26.0
10.0
175.0
14.0
11.0
4.0
51.0
31.0
52.0
51.0
7.0
163.0
70.0
11.0
34.0
15.0
68.0
3.0
365.0
20.0
327.0
12.0
39.0
6.0
23.0
45.0
84.0
2.0
94.0
25.0
276.0
8.0
16.0
19.0
15.0
14.0
4.0
99.0
170.0
22.0
4.0
9.0
26.0
6.0
192.0
90.0
5.0
4.0
236.0
10.0
144.0
50.0
18.0
92.0
6.0
69.0
53.0
17.0
8.0
3.0
18.0
321.0
129.0
368.0
140.0
192.0
37.0
81.0
13.0
5.0
177.0
59.0
9.0
77.0
145.0
10.0
4.0
47.0
7.0
8.0
187.0
18.0
56.0
52.0
8.0
70.0
26.0
9.0
147.0
18.0
87.0
22.0
57.0
5.0
12.0
64.0
180.0
248.0
12.0
12.0
36.0
360.0
13.0
156.0
16.0
4.0
89.0
57.0
110.0
28.0
87.0
11.0
5.0
4.0
129.0
62.0
5.0
10.0
24.0
134.0
37.0
91.0
3.0
21.0
100.0
45.0
299.0
57.0
79.0
45.0
71.0
67.0
56.0
54.0
16.0
116.0
6.0
192.0
125.0
12.0
82.0
172.0
53.0
54.0
4.0
87.0
147.0
365.0
66.0
10.0
18.0
5.0
69.0
74.0
92.0
66.0
110.0
53.0
6.0
200.0
221.0
49.0
61.0
8.0
157.0
89.0
92.0
269.0
66.0
76.0
5.0
146.0
15.0
3.0
134.0
94.0
8.0
151.0
13.0
57.0
66.0
2.0
68.0
3.0
55.0
27.0
76.0
73.0
235.0
6.0
28.0
7.0
3.0
173.0
33.0
38.0
22.0
13.0
117.0
116.0
6.0
24.0
9.0
47.0
42.0
46.0
229.0
106.0
131.0
92.0
57.0
172.0
8.0
7.0
44.0
48.0
77.0
97.0
380.0
3.0
26.0
270.0
14.0
324.0
52.0
4.0
72.0
191.0
5.0
7.0
13.0
88.0
369.0
26.0
17.0
90.0
6.0
6.0
95.0
44.0
16.0
154.0
166.0
50.0
29.0
50.0
36.0
27.0
21.0
62.0
289.0
11.0
32.0
33.0
11.0
12.0
7.0
47.0
448.0
24.0
64.0
227.0
10.0
4.0
143.0
33.0
152.0
48.0
3.0
98.0
5.0
264.0
358.0
21.0
28.0
3.0
7.0
47.0
8.0
2.0
21.0
6.0
52.0
113.0
6.0
25.0
102.0
10.0
61.0
89.0
6.0
119.0
104.0
5.0
38.0
5.0
93.0
120.0
25.0
27.0
15.0
74.0
13.0
4.0
38.0
41.0
3.0
19.0
20.0
65.0
93.0
101.0
27.0
25.0
10.0
20.0
40.0
68.0
76.0
13.0
5.0
471.0
2.0
110.0
6.0
35.0
76.0
85.0
4.0
5.0
62.0
44.0
4.0
11.0
25.0
247.0
177.0
42.0
18.0
64.0
101.0
394.0
127.0
26.0
90.0
53.0
154.0
45.0
141.0
5.0
182.0
138.0
4.0
28.0
260.0
126.0
135.0
69.0
102.0
23.0
35.0
75.0
10.0
13.0
39.0
6.0
153.0
66.0
7.0
130.0
7.0
74.0
69.0
130.0
62.0
35.0
5.0
7.0
133.0
190.0
86.0
21.0
15.0
319.0
135.0
70.0
33.0
14.0
155.0
262.0
317.0
38.0
4.0
164.0
103.0
95.0
5.0
25.0
8.0
104.0
11.0
12.0
37.0
76.0
270.0
69.0
57.0
101.0
12.0
61.0
8.0
65.0
5.0
8.0
4.0
26.0
186.0
3.0
4.0
11.0
62.0
12.0
7.0
10.0
110.0
203.0
7.0
20.0
68.0
38.0
146.0
404.0
18.0
11.0
72.0
43.0
157.0
24.0
78.0
5.0
6.0
106.0
133.0
347.0
18.0
10.0
99.0
7.0
10.0
19.0
211.0
218.0
115.0
53.0
13.0
4.0
70.0
95.0
46.0
434.0
30.0
320.0
6.0
246.0
5.0
23.0
7.0
17.0
52.0
12.0
3.0
6.0
18.0
3.0
15.0
247.0
2.0
4.0
47.0
18.0
60.0
76.0
248.0
4.0
134.0
101.0
34.0
77.0
5.0
148.0
8.0
8.0
150.0
3.0
5.0
136.0
8.0
76.0
15.0
11.0
3.0
63.0
195.0
13.0
31.0
176.0
121.0
36.0
6.0
8.0
14.0
79.0
3.0
58.0
85.0
14.0
220.0
27.0
95.0
121.0
109.0
3.0
5.0
45.0
231.0
172.0
10.0
5.0
124.0
3.0
266.0
4.0
52.0
12.0
9.0
4.0
16.0
104.0
200.0
27.0
107.0
108.0
173.0
207.0
22.0
10.0
168.0
148.0
232.0
108.0
128.0
166.0
39.0
100.0
2.0
198.0
49.0
90.0
321.0
3.0
73.0
60.0
20.0
198.0
166.0
271.0
22.0
46.0
12.0
95.0
58.0
106.0
142.0
24.0
79.0
18.0
2.0
42.0
214.0
76.0
63.0
15.0
45.0
38.0
15.0
80.0
98.0
13.0
70.0
110.0
17.0
34.0
5.0
50.0
46.0
23.0
3.0
33.0
310.0
6.0
383.0
91.0
37.0
33.0
96.0
56.0
55.0
46.0
10.0
53.0
186.0
68.0
28.0
341.0
10.0
3.0
82.0
48.0
5.0
69.0
47.0
46.0
9.0
160.0
27.0
7.0
147.0
8.0
86.0
93.0
24.0
181.0
77.0
18.0
96.0
14.0
208.0
7.0
4.0
19.0
86.0
35.0
5.0
26.0
4.0
253.0
157.0
6.0
12.0
98.0
92.0
40.0
82.0
4.0
8.0
122.0
7.0
169.0
4.0
269.0
19.0
61.0
53.0
28.0
106.0
347.0
153.0
107.0
16.0
7.0
9.0
292.0
164.0
71.0
313.0
506.0
163.0
134.0
13.0
65.0
4.0
11.0
69.0
98.0
126.0
20.0
204.0
76.0
5.0
254.0
18.0
21.0
8.0
39.0
10.0
360.0
42.0
13.0
147.0
202.0
73.0
21.0
4.0
131.0
45.0
45.0
28.0
35.0
15.0
4.0
113.0
16.0
75.0
22.0
4.0
27.0
6.0
90.0
125.0
298.0
9.0
29.0
5.0
351.0
84.0
68.0
98.0
98.0
14.0
30.0
37.0
77.0
255.0
15.0
59.0
81.0
64.0
80.0
5.0
17.0
397.0
7.0
23.0
12.0
68.0
11.0
175.0
49.0
212.0
279.0
17.0
41.0
5.0
202.0
24.0
81.0
89.0
140.0
24.0
203.0
80.0
111.0
4.0
149.0
131.0
53.0
50.0
9.0
60.0
43.0
84.0
3.0
44.0
190.0
6.0
129.0
25.0
199.0
29.0
8.0
16.0
115.0
62.0
271.0
8.0
109.0
41.0
74.0
7.0
11.0
11.0
17.0
192.0
5.0
20.0
6.0
12.0
53.0
7.0
153.0
5.0
7.0
56.0
26.0
47.0
6.0
6.0
81.0
280.0
8.0
3.0
4.0
57.0
254.0
255.0
3.0
136.0
40.0
29.0
36.0
62.0
3.0
139.0
14.0
121.0
6.0
5.0
2.0
4.0
179.0
76.0
6.0
215.0
12.0
82.0
9.0
294.0
53.0
58.0
4.0
64.0
26.0
30.0
28.0
56.0
24.0
39.0
56.0
55.0
70.0
40.0
3.0
54.0
227.0
327.0
60.0
22.0
3.0
77.0
40.0
165.0
3.0
50.0
314.0
3.0
97.0
29.0
21.0
10.0
81.0
120.0
30.0
118.0
22.0
5.0
142.0
38.0
100.0
2.0
110.0
18.0
9.0
13.0
104.0
66.0
10.0
128.0
9.0
343.0
19.0
152.0
18.0
3.0
16.0
6.0
76.0
18.0
3.0
48.0
213.0
21.0
75.0
15.0
91.0
22.0
71.0
152.0
9.0
9.0
5.0
29.0
291.0
10.0
88.0
3.0
38.0
3.0
12.0
2.0
4.0
249.0
246.0
72.0
6.0
268.0
139.0
24.0
32.0
252.0
6.0
47.0
87.0
149.0
5.0
13.0
16.0
27.0
7.0
10.0
5.0
60.0
51.0
76.0
110.0
77.0
12.0
22.0
79.0
10.0
41.0
5.0
4.0
52.0
6.0
179.0
155.0
4.0
36.0
93.0
124.0
40.0
120.0
5.0
41.0
57.0
20.0
40.0
5.0
129.0
118.0
57.0
77.0
114.0
7.0
6.0
179.0
22.0
7.0
10.0
262.0
25.0
15.0
12.0
40.0
37.0
6.0
67.0
13.0
105.0
210.0
217.0
6.0
3.0
310.0
37.0
120.0
95.0
6.0
8.0
4.0
50.0
104.0
183.0
46.0
13.0
53.0
68.0
6.0
50.0
40.0
6.0
5.0
5.0
53.0
2.0
48.0
22.0
4.0
294.0
107.0
6.0
283.0
59.0
14.0
12.0
70.0
202.0
42.0
9.0
17.0
61.0
28.0
6.0
72.0
12.0
4.0
64.0
73.0
9.0
27.0
46.0
4.0
26.0
159.0
140.0
51.0
15.0
42.0
528.0
12.0
80.0
112.0
21.0
3.0
4.0
31.0
133.0
62.0
109.0
83.0
66.0
136.0
48.0
32.0
13.0
190.0
19.0
9.0
41.0
17.0
6.0
14.0
7.0
149.0
6.0
15.0
121.0
30.0
187.0
26.0
321.0
181.0
134.0
23.0
22.0
340.0
59.0
10.0
222.0
4.0
76.0
15.0
41.0
14.0
7.0
198.0
245.0
92.0
44.0
10.0
21.0
81.0
7.0
39.0
54.0
126.0
157.0
94.0
7.0
2.0
91.0
27.0
114.0
129.0
8.0
12.0
12.0
39.0
210.0
206.0
7.0
127.0
91.0
16.0
27.0
335.0
7.0
21.0
3.0
170.0
172.0
12.0
15.0
3.0
27.0
143.0
5.0
42.0
75.0
4.0
176.0
7.0
26.0
20.0
149.0
4.0
35.0
20.0
24.0
89.0
9.0
118.0
24.0
13.0
40.0
12.0
80.0
85.0
46.0
34.0
122.0
64.0
10.0
158.0
8.0
12.0
12.0
167.0
20.0
12.0
162.0
87.0
47.0
87.0
12.0
42.0
144.0
97.0
40.0
16.0
39.0
8.0
40.0
3.0
10.0
138.0
43.0
86.0
123.0
131.0
172.0
82.0
57.0
146.0
135.0
93.0
8.0
6.0
12.0
103.0
3.0
5.0
15.0
75.0
27.0
118.0
11.0
6.0
30.0
6.0
120.0
79.0
155.0
12.0
106.0
87.0
22.0
34.0
36.0
5.0
30.0
17.0
164.0
56.0
47.0
7.0
93.0
17.0
83.0
44.0
6.0
122.0
20.0
44.0
66.0
13.0
155.0
4.0
120.0
13.0
4.0
20.0
166.0
241.0
108.0
3.0
9.0
227.0
39.0
174.0
78.0
21.0
108.0
5.0
44.0
4.0
140.0
3.0
3.0
89.0
116.0
31.0
24.0
58.0
13.0
25.0
5.0
16.0
7.0
242.0
14.0
5.0
48.0
3.0
169.0
43.0
178.0
116.0
146.0
7.0
46.0
61.0
49.0
5.0
12.0
102.0
211.0
47.0
68.0
218.0
151.0
77.0
277.0
228.0
39.0
8.0
17.0
10.0
77.0
9.0
12.0
3.0
178.0
106.0
4.0
7.0
111.0
6.0
48.0
170.0
166.0
255.0
28.0
216.0
63.0
11.0
100.0
7.0
7.0
112.0
42.0
14.0
9.0
183.0
40.0
10.0
134.0
22.0
26.0
22.0
59.0
56.0
131.0
101.0
187.0
54.0
87.0
254.0
145.0
9.0
83.0
48.0
195.0
65.0
28.0
15.0
49.0
25.0
3.0
71.0
287.0
18.0
173.0
12.0
127.0
173.0
7.0
81.0
184.0
150.0
10.0
88.0
165.0
54.0
86.0
25.0
47.0
212.0
79.0
10.0
15.0
4.0
26.0
40.0
5.0
53.0
34.0
181.0
98.0
8.0
13.0
16.0
6.0
90.0
4.0
88.0
6.0
162.0
44.0
48.0
12.0
41.0
7.0
6.0
10.0
2.0
3.0
262.0
66.0
78.0
6.0
14.0
61.0
3.0
3.0
11.0
3.0
97.0
46.0
65.0
6.0
66.0
57.0
18.0
79.0
76.0
87.0
77.0
96.0
27.0
8.0
10.0
7.0
121.0
52.0
5.0
393.0
41.0
67.0
17.0
2.0
6.0
86.0
10.0
67.0
25.0
136.0
6.0
7.0
57.0
9.0
26.0
30.0
53.0
69.0
48.0
5.0
5.0
137.0
292.0
168.0
3.0
48.0
96.0
21.0
388.0
5.0
50.0
94.0
6.0
121.0
10.0
52.0
369.0
46.0
35.0
14.0
131.0
164.0
178.0
23.0
118.0
76.0
176.0
152.0
131.0
88.0
6.0
13.0
3.0
22.0
142.0
74.0
14.0
65.0
81.0
17.0
3.0
17.0
157.0
61.0
55.0
32.0
53.0
13.0
17.0
57.0
21.0
9.0
199.0
12.0
169.0
4.0
5.0
137.0
10.0
5.0
3.0
126.0
48.0
5.0
34.0
79.0
60.0
5.0
16.0
185.0
112.0
100.0
43.0
29.0
156.0
211.0
116.0
212.0
78.0
193.0
20.0
40.0
131.0
122.0
10.0
79.0
75.0
206.0
54.0
64.0
9.0
65.0
5.0
3.0
34.0
93.0
109.0
30.0
361.0
17.0
9.0
6.0
46.0
52.0
5.0
94.0
8.0
50.0
19.0
347.0
20.0
138.0
113.0
148.0
35.0
33.0
4.0
3.0
12.0
4.0
62.0
184.0
156.0
5.0
76.0
46.0
16.0
38.0
73.0
154.0
123.0
63.0
102.0
93.0
281.0
18.0
96.0
89.0
260.0
10.0
190.0
3.0
33.0
45.0
49.0
17.0
5.0
184.0
4.0
49.0
9.0
192.0
165.0
203.0
126.0
5.0
95.0
19.0
29.0
59.0
12.0
40.0
13.0
132.0
181.0
171.0
177.0
95.0
142.0
15.0
64.0
78.0
6.0
13.0
47.0
4.0
210.0
92.0
320.0
133.0
124.0
39.0
100.0
136.0
9.0
3.0
70.0
83.0
38.0
34.0
13.0
117.0
31.0
14.0
51.0
13.0
33.0
4.0
29.0
79.0
87.0
41.0
136.0
89.0
28.0
316.0
6.0
97.0
32.0
11.0
6.0
189.0
41.0
44.0
171.0
3.0
227.0
6.0
20.0
71.0
10.0
42.0
37.0
189.0
66.0
3.0
5.0
34.0
37.0
7.0
67.0
247.0
3.0
133.0
87.0
53.0
139.0
77.0
43.0
43.0
151.0
84.0
5.0
11.0
7.0
46.0
5.0
237.0
4.0
30.0
151.0
241.0
13.0
5.0
69.0
335.0
5.0
6.0
8.0
171.0
124.0
85.0
28.0
23.0
103.0
49.0
128.0
35.0
4.0
196.0
46.0
5.0
7.0
47.0
53.0
40.0
3.0
62.0
10.0
17.0
57.0
140.0
10.0
115.0
133.0
103.0
6.0
26.0
46.0
14.0
84.0
57.0
45.0
5.0
6.0
29.0
8.0
217.0
64.0
147.0
12.0
7.0
23.0
24.0
12.0
23.0
65.0
99.0
17.0
41.0
8.0
89.0
176.0
188.0
10.0
218.0
208.0
13.0
120.0
39.0
123.0
105.0
5.0
144.0
41.0
662.0
65.0
4.0
168.0
164.0
20.0
69.0
123.0
227.0
13.0
50.0
197.0
106.0
12.0
21.0
2.0
45.0
27.0
137.0
53.0
45.0
4.0
174.0
146.0
115.0
156.0
10.0
8.0
3.0
50.0
3.0
35.0
11.0
17.0
9.0
9.0
141.0
3.0
9.0
163.0
170.0
138.0
142.0
15.0
122.0
85.0
46.0
38.0
13.0
26.0
143.0
17.0
3.0
11.0
98.0
23.0
24.0
19.0
27.0
264.0
182.0
5.0
121.0
21.0
60.0
11.0
95.0
6.0
2.0
58.0
90.0
26.0
28.0
14.0
56.0
27.0
66.0
9.0
29.0
54.0
42.0
3.0
225.0
43.0
11.0
29.0
62.0
5.0
76.0
4.0
47.0
54.0
6.0
10.0
48.0
20.0
48.0
45.0
11.0
12.0
71.0
10.0
11.0
21.0
422.0
7.0
98.0
133.0
318.0
150.0
74.0
7.0
33.0
23.0
107.0
277.0
11.0
56.0
239.0
35.0
190.0
163.0
11.0
192.0
37.0
13.0
9.0
24.0
148.0
13.0
58.0
112.0
2.0
180.0
126.0
15.0
4.0
258.0
42.0
8.0
3.0
12.0
82.0
123.0
177.0
150.0
65.0
8.0
63.0
82.0
176.0
6.0
2.0
44.0
30.0
149.0
9.0
6.0
96.0
192.0
7.0
278.0
40.0
114.0
142.0
4.0
337.0
323.0
12.0
78.0
173.0
286.0
120.0
52.0
213.0
188.0
150.0
24.0
25.0
43.0
20.0
3.0
67.0
26.0
45.0
69.0
8.0
56.0
12.0
52.0
8.0
157.0
3.0
82.0
3.0
9.0
9.0
7.0
49.0
108.0
5.0
6.0
434.0
6.0
130.0
41.0
44.0
75.0
282.0
29.0
78.0
16.0
28.0
19.0
31.0
230.0
107.0
37.0
6.0
38.0
40.0
16.0
24.0
9.0
40.0
114.0
27.0
42.0
285.0
197.0
42.0
161.0
75.0
91.0
80.0
4.0
8.0
43.0
27.0
190.0
182.0
167.0
143.0
45.0
41.0
41.0
7.0
20.0
218.0
40.0
10.0
2.0
13.0
19.0
8.0
37.0
2.0
85.0
111.0
13.0
4.0
3.0
103.0
5.0
36.0
38.0
16.0
36.0
156.0
143.0
27.0
5.0
47.0
15.0
17.0
205.0
55.0
15.0
43.0
135.0
40.0
3.0
116.0
206.0
136.0
9.0
27.0
2.0
29.0
193.0
12.0
284.0
22.0
42.0
17.0
172.0
18.0
71.0
28.0
20.0
12.0
37.0
143.0
112.0
126.0
108.0
26.0
101.0
63.0
190.0
27.0
16.0
111.0
66.0
9.0
17.0
28.0
63.0
14.0
6.0
44.0
187.0
42.0
174.0
3.0
19.0
11.0
378.0
124.0
66.0
15.0
46.0
21.0
214.0
8.0
60.0
14.0
49.0
109.0
24.0
10.0
5.0
86.0
6.0
278.0
12.0
9.0
326.0
183.0
87.0
39.0
18.0
8.0
188.0
4.0
129.0
15.0
154.0
5.0
95.0
45.0
6.0
55.0
79.0
183.0
22.0
10.0
93.0
149.0
3.0
13.0
7.0
42.0
18.0
46.0
28.0
6.0
11.0
18.0
14.0
8.0
28.0
4.0
92.0
128.0
195.0
3.0
99.0
101.0
4.0
35.0
8.0
14.0
98.0
4.0
79.0
34.0
165.0
93.0
12.0
84.0
37.0
427.0
50.0
5.0
23.0
92.0
78.0
122.0
65.0
35.0
4.0
50.0
3.0
62.0
3.0
152.0
395.0
21.0
9.0
141.0
70.0
92.0
40.0
3.0
57.0
5.0
49.0
14.0
42.0
25.0
3.0
9.0
6.0
444.0
43.0
193.0
40.0
6.0
21.0
5.0
4.0
17.0
50.0
139.0
205.0
2.0
65.0
7.0
324.0
98.0
184.0
5.0
6.0
296.0
298.0
91.0
41.0
5.0
15.0
16.0
183.0
87.0
14.0
9.0
272.0
34.0
152.0
47.0
126.0
3.0
24.0
4.0
22.0
35.0
4.0
5.0
144.0
4.0
68.0
67.0
29.0
18.0
38.0
34.0
270.0
5.0
4.0
559.0
9.0
8.0
54.0
5.0
15.0
698.0
11.0
47.0
3.0
44.0
104.0
6.0
45.0
37.0
11.0
67.0
11.0
156.0
349.0
27.0
10.0
102.0
17.0
10.0
161.0
7.0
3.0
6.0
4.0
36.0
83.0
12.0
81.0
154.0
185.0
12.0
103.0
334.0
51.0
245.0
39.0
27.0
4.0
26.0
144.0
7.0
26.0
79.0
106.0
22.0
65.0
12.0
33.0
33.0
53.0
55.0
38.0
135.0
7.0
207.0
49.0
44.0
2.0
6.0
14.0
128.0
5.0
4.0
64.0
129.0
22.0
10.0
56.0
83.0
191.0
49.0
209.0
20.0
82.0
51.0
207.0
153.0
12.0
15.0
20.0
6.0
112.0
79.0
207.0
18.0
169.0
10.0
30.0
257.0
211.0
204.0
21.0
53.0
154.0
78.0
16.0
25.0
28.0
18.0
50.0
67.0
13.0
22.0
48.0
15.0
216.0
38.0
16.0
65.0
83.0
80.0
56.0
11.0
5.0
49.0
15.0
213.0
28.0
5.0
22.0
7.0
32.0
56.0
8.0
40.0
9.0
86.0
6.0
123.0
3.0
54.0
12.0
203.0
145.0
12.0
14.0
374.0
28.0
12.0
12.0
36.0
84.0
8.0
16.0
50.0
444.0
90.0
83.0
180.0
160.0
6.0
103.0
176.0
191.0
2.0
69.0
63.0
12.0
32.0
5.0
34.0
84.0
7.0
7.0
6.0
148.0
10.0
51.0
53.0
74.0
246.0
16.0
39.0
227.0
8.0
88.0
44.0
59.0
56.0
160.0
28.0
60.0
248.0
2.0
10.0
112.0
59.0
28.0
65.0
83.0
6.0
29.0
4.0
20.0
379.0
6.0
11.0
158.0
18.0
63.0
25.0
105.0
140.0
12.0
11.0
96.0
20.0
62.0
6.0
5.0
264.0
17.0
85.0
12.0
464.0
114.0
51.0
51.0
12.0
109.0
95.0
12.0
101.0
242.0
38.0
11.0
7.0
120.0
285.0
4.0
18.0
98.0
5.0
6.0
85.0
322.0
105.0
293.0
96.0
158.0
188.0
9.0
6.0
382.0
209.0
30.0
29.0
7.0
14.0
65.0
83.0
120.0
122.0
3.0
132.0
213.0
83.0
3.0
202.0
71.0
37.0
38.0
74.0
24.0
6.0
14.0
71.0
69.0
16.0
25.0
15.0
16.0
48.0
145.0
2.0
36.0
5.0
7.0
5.0
292.0
18.0
12.0
12.0
27.0
109.0
185.0
9.0
4.0
184.0
46.0
7.0
7.0
107.0
76.0
16.0
7.0
38.0
12.0
119.0
4.0
137.0
72.0
68.0
145.0
4.0
21.0
7.0
9.0
80.0
139.0
22.0
14.0
75.0
14.0
11.0
6.0
145.0
3.0
179.0
8.0
30.0
12.0
6.0
10.0
67.0
30.0
28.0
125.0
179.0
237.0
66.0
344.0
165.0
294.0
82.0
347.0
12.0
62.0
2.0
126.0
126.0
50.0
94.0
3.0
3.0
9.0
17.0
132.0
23.0
333.0
4.0
225.0
5.0
29.0
57.0
27.0
56.0
40.0
408.0
86.0
235.0
50.0
48.0
89.0
100.0
13.0
7.0
289.0
4.0
186.0
283.0
125.0
17.0
65.0
9.0
59.0
71.0
14.0
12.0
48.0
126.0
19.0
19.0
7.0
104.0
13.0
5.0
79.0
140.0
356.0
64.0
15.0
8.0
63.0
277.0
15.0
360.0
5.0
77.0
29.0
7.0
171.0
4.0
17.0
30.0
7.0
27.0
20.0
10.0
4.0
2.0
26.0
94.0
36.0
121.0
76.0
10.0
13.0
6.0
21.0
10.0
203.0
184.0
9.0
30.0
156.0
3.0
27.0
21.0
4.0
99.0
20.0
47.0
128.0
66.0
8.0
7.0
241.0
55.0
8.0
4.0
424.0
27.0
57.0
168.0
11.0
265.0
14.0
54.0
6.0
3.0
11.0
59.0
7.0
24.0
5.0
71.0
267.0
72.0
6.0
86.0
8.0
82.0
8.0
9.0
10.0
174.0
35.0
293.0
52.0
139.0
13.0
29.0
6.0
19.0
39.0
258.0
29.0
81.0
12.0
22.0
34.0
53.0
149.0
227.0
40.0
294.0
73.0
57.0
26.0
240.0
16.0
82.0
318.0
219.0
18.0
193.0
126.0
24.0
6.0
406.0
29.0
102.0
101.0
6.0
156.0
13.0
5.0
132.0
9.0
31.0
10.0
12.0
196.0
32.0
4.0
18.0
146.0
45.0
6.0
10.0
29.0
37.0
81.0
14.0
19.0
46.0
69.0
47.0
8.0
146.0
36.0
313.0
372.0
275.0
9.0
13.0
122.0
6.0
7.0
222.0
36.0
6.0
6.0
3.0
11.0
243.0
50.0
179.0
20.0
4.0
17.0
40.0
98.0
164.0
106.0
41.0
19.0
26.0
5.0
59.0
183.0
37.0
4.0
273.0
95.0
144.0
93.0
203.0
14.0
6.0
14.0
149.0
257.0
99.0
8.0
52.0
186.0
12.0
207.0
75.0
97.0
109.0
85.0
113.0
147.0
15.0
6.0
4.0
87.0
51.0
139.0
2.0
57.0
226.0
124.0
48.0
14.0
10.0
164.0
33.0
29.0
7.0
64.0
5.0
28.0
4.0
164.0
32.0
12.0
110.0
362.0
46.0
298.0
102.0
6.0
38.0
118.0
11.0
5.0
34.0
37.0
127.0
226.0
79.0
42.0
39.0
3.0
430.0
9.0
7.0
106.0
37.0
182.0
13.0
216.0
109.0
52.0
3.0
49.0
276.0
107.0
127.0
10.0
4.0
109.0
30.0
78.0
139.0
168.0
11.0
12.0
105.0
4.0
253.0
79.0
95.0
17.0
43.0
44.0
83.0
69.0
29.0
57.0
128.0
64.0
25.0
28.0
118.0
15.0
9.0
6.0
11.0
18.0
65.0
29.0
25.0
385.0
93.0
6.0
72.0
125.0
26.0
78.0
6.0
6.0
3.0
9.0
10.0
8.0
249.0
3.0
41.0
2.0
67.0
43.0
44.0
124.0
85.0
65.0
10.0
277.0
3.0
382.0
5.0
53.0
326.0
42.0
74.0
6.0
296.0
7.0
7.0
24.0
17.0
168.0
17.0
319.0
5.0
10.0
2.0
10.0
7.0
9.0
111.0
7.0
63.0
39.0
2.0
81.0
31.0
2.0
43.0
4.0
73.0
18.0
132.0
4.0
26.0
48.0
8.0
198.0
7.0
169.0
130.0
10.0
32.0
213.0
21.0
41.0
47.0
7.0
14.0
22.0
17.0
71.0
11.0
312.0
12.0
119.0
20.0
3.0
254.0
8.0
13.0
241.0
306.0
7.0
105.0
28.0
5.0
5.0
5.0
113.0
36.0
39.0
146.0
20.0
12.0
303.0
144.0
5.0
82.0
19.0
59.0
3.0
187.0
123.0
61.0
88.0
11.0
40.0
320.0
20.0
10.0
15.0
61.0
17.0
73.0
237.0
275.0
130.0
137.0
45.0
7.0
25.0
6.0
6.0
26.0
9.0
6.0
37.0
33.0
144.0
12.0
201.0
3.0
7.0
210.0
299.0
20.0
17.0
25.0
252.0
19.0
110.0
4.0
39.0
13.0
211.0
70.0
11.0
31.0
3.0
225.0
56.0
68.0
380.0
37.0
7.0
7.0
5.0
67.0
88.0
11.0
7.0
102.0
61.0
121.0
107.0
9.0
37.0
11.0
54.0
14.0
94.0
18.0
10.0
18.0
228.0
36.0
386.0
126.0
137.0
4.0
3.0
83.0
356.0
59.0
15.0
5.0
224.0
84.0
69.0
269.0
23.0
154.0
121.0
205.0
60.0
96.0
29.0
5.0
214.0
95.0
5.0
12.0
100.0
5.0
70.0
51.0
6.0
190.0
14.0
25.0
208.0
8.0
142.0
29.0
34.0
245.0
60.0
7.0
106.0
15.0
29.0
78.0
7.0
59.0
73.0
70.0
137.0
127.0
4.0
20.0
31.0
8.0
18.0
62.0
56.0
4.0
3.0
72.0
51.0
31.0
65.0
50.0
25.0
20.0
3.0
2.0
3.0
274.0
4.0
5.0
10.0
56.0
375.0
55.0
6.0
20.0
14.0
7.0
20.0
62.0
5.0
241.0
24.0
37.0
14.0
12.0
25.0
121.0
398.0
26.0
71.0
11.0
8.0
4.0
45.0
212.0
22.0
7.0
40.0
64.0
31.0
5.0
11.0
41.0
318.0
59.0
43.0
13.0
131.0
63.0
147.0
133.0
6.0
4.0
20.0
108.0
101.0
6.0
86.0
6.0
103.0
66.0
29.0
109.0
5.0
180.0
6.0
19.0
40.0
26.0
75.0
41.0
102.0
6.0
35.0
256.0
46.0
37.0
68.0
6.0
144.0
33.0
51.0
13.0
54.0
42.0
7.0
125.0
25.0
122.0
11.0
5.0
111.0
101.0
7.0
3.0
6.0
267.0
5.0
245.0
62.0
41.0
5.0
74.0
48.0
6.0
733.0
33.0
32.0
104.0
94.0
95.0
171.0
8.0
10.0
13.0
36.0
4.0
5.0
72.0
12.0
5.0
4.0
404.0
2.0
91.0
342.0
102.0
165.0
79.0
116.0
14.0
6.0
128.0
4.0
6.0
7.0
6.0
12.0
28.0
6.0
298.0
33.0
42.0
93.0
47.0
18.0
22.0
51.0
4.0
9.0
184.0
45.0
22.0
7.0
76.0
16.0
13.0
207.0
104.0
154.0
196.0
93.0
11.0
248.0
9.0
204.0
286.0
46.0
23.0
4.0
15.0
155.0
35.0
14.0
127.0
25.0
2.0
85.0
236.0
3.0
157.0
33.0
63.0
83.0
100.0
7.0
102.0
10.0
6.0
214.0
8.0
364.0
84.0
87.0
73.0
141.0
25.0
30.0
120.0
63.0
72.0
11.0
102.0
44.0
74.0
40.0
12.0
34.0
46.0
14.0
3.0
175.0
2.0
36.0
92.0
7.0
9.0
107.0
9.0
170.0
46.0
20.0
164.0
8.0
129.0
106.0
11.0
146.0
64.0
37.0
117.0
34.0
204.0
12.0
12.0
147.0
37.0
66.0
564.0
91.0
109.0
8.0
15.0
18.0
47.0
69.0
12.0
11.0
193.0
62.0
132.0
3.0
31.0
6.0
8.0
98.0
262.0
9.0
35.0
22.0
5.0
195.0
14.0
4.0
107.0
159.0
150.0
60.0
92.0
5.0
3.0
21.0
11.0
5.0
2.0
10.0
7.0
4.0
126.0
115.0
80.0
367.0
88.0
14.0
90.0
149.0
325.0
97.0
84.0
178.0
43.0
32.0
97.0
12.0
4.0
291.0
45.0
100.0
48.0
119.0
74.0
23.0
3.0
5.0
3.0
3.0
140.0
5.0
232.0
15.0
55.0
11.0
54.0
52.0
125.0
170.0
2.0
11.0
10.0
25.0
23.0
96.0
4.0
132.0
243.0
113.0
3.0
118.0
39.0
6.0
140.0
44.0
10.0
88.0
44.0
104.0
23.0
168.0
46.0
18.0
195.0
64.0
13.0
3.0
92.0
73.0
29.0
52.0
10.0
5.0
63.0
62.0
156.0
9.0
6.0
3.0
3.0
12.0
21.0
178.0
19.0
49.0
21.0
43.0
84.0
213.0
364.0
183.0
3.0
7.0
72.0
21.0
64.0
7.0
16.0
13.0
22.0
233.0
4.0
6.0
4.0
7.0
296.0
93.0
6.0
14.0
4.0
18.0
39.0
26.0
5.0
5.0
373.0
33.0
110.0
5.0
3.0
3.0
209.0
10.0
113.0
85.0
106.0
64.0
5.0
4.0
158.0
5.0
265.0
330.0
13.0
20.0
23.0
101.0
197.0
6.0
12.0
23.0
2.0
325.0
383.0
8.0
66.0
132.0
79.0
18.0
13.0
4.0
137.0
55.0
160.0
5.0
179.0
62.0
77.0
53.0
326.0
12.0
31.0
3.0
189.0
15.0
6.0
141.0
10.0
248.0
13.0
63.0
94.0
26.0
41.0
122.0
16.0
69.0
23.0
76.0
16.0
103.0
112.0
26.0
3.0
82.0
141.0
183.0
23.0
76.0
8.0
40.0
226.0
117.0
7.0
2.0
5.0
4.0
2.0
10.0
221.0
3.0
52.0
241.0
3.0
110.0
70.0
4.0
5.0
11.0
179.0
71.0
93.0
56.0
12.0
16.0
71.0
13.0
13.0
45.0
38.0
48.0
217.0
221.0
91.0
9.0
107.0
3.0
93.0
25.0
16.0
59.0
7.0
48.0
88.0
3.0
17.0
78.0
6.0
5.0
46.0
19.0
72.0
57.0
41.0
5.0
11.0
139.0
66.0
173.0
115.0
46.0
8.0
13.0
34.0
356.0
6.0
131.0
79.0
43.0
67.0
81.0
8.0
98.0
9.0
44.0
4.0
98.0
9.0
178.0
65.0
7.0
298.0
129.0
121.0
298.0
31.0
243.0
51.0
59.0
168.0
73.0
43.0
142.0
70.0
13.0
4.0
2.0
12.0
198.0
6.0
5.0
210.0
374.0
216.0
85.0
307.0
18.0
23.0
13.0
3.0
12.0
25.0
11.0
6.0
71.0
26.0
24.0
3.0
57.0
16.0
156.0
167.0
9.0
189.0
5.0
5.0
30.0
4.0
35.0
9.0
210.0
136.0
112.0
154.0
3.0
13.0
17.0
12.0
3.0
49.0
14.0
9.0
12.0
56.0
12.0
10.0
17.0
3.0
259.0
2.0
60.0
7.0
147.0
3.0
53.0
17.0
71.0
92.0
11.0
62.0
6.0
74.0
156.0
309.0
10.0
43.0
16.0
7.0
30.0
4.0
11.0
344.0
57.0
6.0
98.0
2.0
107.0
33.0
158.0
10.0
88.0
79.0
77.0
8.0
40.0
223.0
5.0
35.0
12.0
19.0
3.0
179.0
91.0
99.0
49.0
109.0
96.0
47.0
45.0
50.0
41.0
92.0
126.0
13.0
13.0
135.0
117.0
59.0
45.0
9.0
80.0
6.0
5.0
11.0
15.0
65.0
8.0
3.0
44.0
5.0
68.0
93.0
15.0
6.0
139.0
102.0
6.0
97.0
7.0
68.0
84.0
7.0
31.0
155.0
80.0
79.0
75.0
4.0
8.0
108.0
6.0
108.0
21.0
121.0
34.0
6.0
4.0
49.0
30.0
4.0
70.0
194.0
8.0
76.0
35.0
179.0
68.0
36.0
91.0
167.0
74.0
37.0
37.0
5.0
6.0
413.0
47.0
33.0
105.0
15.0
59.0
112.0
94.0
10.0
95.0
6.0
40.0
89.0
11.0
64.0
137.0
17.0
129.0
178.0
35.0
5.0
13.0
73.0
15.0
19.0
205.0
126.0
174.0
12.0
13.0
43.0
6.0
6.0
10.0
19.0
57.0
70.0
4.0
200.0
310.0
97.0
266.0
88.0
69.0
24.0
160.0
35.0
3.0
7.0
11.0
20.0
9.0
54.0
22.0
8.0
104.0
102.0
7.0
195.0
154.0
63.0
17.0
152.0
6.0
9.0
100.0
10.0
90.0
12.0
6.0
4.0
51.0
13.0
26.0
264.0
4.0
165.0
41.0
12.0
71.0
3.0
4.0
268.0
43.0
21.0
31.0
4.0
7.0
35.0
25.0
16.0
78.0
11.0
106.0
132.0
151.0
217.0
172.0
8.0
250.0
250.0
53.0
4.0
41.0
42.0
26.0
49.0
23.0
7.0
11.0
64.0
63.0
229.0
5.0
17.0
26.0
11.0
159.0
81.0
15.0
17.0
30.0
69.0
5.0
7.0
288.0
197.0
3.0
14.0
80.0
36.0
7.0
148.0
54.0
29.0
89.0
23.0
12.0
304.0
28.0
168.0
7.0
34.0
184.0
84.0
8.0
9.0
21.0
11.0
41.0
8.0
62.0
144.0
79.0
158.0
71.0
66.0
8.0
3.0
100.0
3.0
16.0
198.0
54.0
25.0
13.0
3.0
128.0
62.0
26.0
21.0
151.0
59.0
104.0
5.0
29.0
57.0
256.0
7.0
192.0
298.0
6.0
8.0
332.0
35.0
72.0
148.0
21.0
33.0
7.0
229.0
38.0
55.0
63.0
25.0
60.0
6.0
39.0
84.0
5.0
52.0
56.0
17.0
37.0
44.0
78.0
57.0
85.0
121.0
32.0
49.0
18.0
104.0
260.0
3.0
18.0
63.0
82.0
84.0
6.0
107.0
19.0
215.0
15.0
4.0
169.0
12.0
165.0
113.0
112.0
136.0
2.0
3.0
44.0
15.0
26.0
378.0
138.0
131.0
16.0
58.0
123.0
250.0
103.0
13.0
410.0
140.0
40.0
33.0
3.0
70.0
89.0
16.0
20.0
168.0
3.0
80.0
25.0
58.0
169.0
39.0
14.0
211.0
222.0
24.0
56.0
5.0
8.0
47.0
9.0
239.0
49.0
151.0
5.0
6.0
188.0
106.0
98.0
56.0
4.0
6.0
234.0
17.0
101.0
37.0
123.0
69.0
274.0
63.0
82.0
69.0
101.0
48.0
81.0
49.0
129.0
70.0
37.0
179.0
4.0
573.0
143.0
11.0
27.0
30.0
27.0
43.0
7.0
221.0
3.0
149.0
23.0
6.0
25.0
71.0
14.0
24.0
202.0
292.0
13.0
9.0
28.0
9.0
4.0
66.0
53.0
147.0
180.0
119.0
14.0
146.0
20.0
43.0
34.0
165.0
19.0
16.0
2.0
170.0
103.0
74.0
110.0
31.0
39.0
18.0
8.0
19.0
16.0
5.0
294.0
213.0
147.0
49.0
76.0
4.0
43.0
46.0
25.0
74.0
67.0
161.0
84.0
8.0
4.0
4.0
4.0
100.0
12.0
50.0
42.0
9.0
201.0
14.0
19.0
6.0
13.0
3.0
76.0
120.0
85.0
57.0
102.0
8.0
56.0
6.0
208.0
12.0
384.0
4.0
6.0
6.0
281.0
11.0
22.0
111.0
151.0
97.0
8.0
296.0
66.0
8.0
3.0
2.0
9.0
3.0
35.0
15.0
4.0
168.0
102.0
250.0
52.0
75.0
25.0
11.0
89.0
5.0
10.0
3.0
15.0
21.0
69.0
21.0
153.0
9.0
48.0
55.0
100.0
16.0
30.0
52.0
11.0
156.0
39.0
5.0
8.0
6.0
135.0
147.0
43.0
32.0
10.0
25.0
56.0
194.0
4.0
3.0
69.0
83.0
146.0
6.0
7.0
43.0
43.0
35.0
47.0
3.0
77.0
80.0
6.0
305.0
6.0
5.0
38.0
33.0
111.0
6.0
24.0
190.0
188.0
44.0
104.0
234.0
47.0
224.0
54.0
71.0
291.0
5.0
162.0
5.0
28.0
23.0
218.0
6.0
15.0
11.0
27.0
9.0
10.0
10.0
6.0
10.0
12.0
10.0
291.0
60.0
132.0
7.0
157.0
5.0
90.0
260.0
8.0
80.0
37.0
21.0
34.0
26.0
27.0
106.0
194.0
10.0
70.0
230.0
24.0
3.0
32.0
64.0
250.0
7.0
4.0
221.0
45.0
35.0
26.0
61.0
175.0
56.0
11.0
123.0
7.0
77.0
18.0
149.0
20.0
9.0
206.0
226.0
7.0
10.0
140.0
24.0
126.0
47.0
282.0
9.0
149.0
16.0
310.0
110.0
128.0
168.0
103.0
101.0
211.0
222.0
20.0
8.0
44.0
47.0
159.0
198.0
36.0
114.0
171.0
17.0
77.0
143.0
16.0
144.0
29.0
11.0
14.0
171.0
178.0
159.0
5.0
6.0
7.0
260.0
187.0
99.0
70.0
71.0
7.0
142.0
5.0
13.0
144.0
307.0
12.0
32.0
15.0
36.0
12.0
50.0
4.0
35.0
4.0
104.0
69.0
12.0
5.0
34.0
47.0
7.0
11.0
28.0
6.0
17.0
156.0
9.0
43.0
3.0
10.0
5.0
522.0
30.0
31.0
6.0
6.0
642.0
19.0
14.0
100.0
6.0
147.0
75.0
9.0
21.0
12.0
135.0
167.0
13.0
40.0
81.0
19.0
105.0
163.0
233.0
68.0
35.0
90.0
10.0
37.0
96.0
32.0
31.0
18.0
128.0
8.0
9.0
4.0
10.0
238.0
6.0
183.0
186.0
21.0
58.0
176.0
35.0
315.0
84.0
4.0
13.0
21.0
10.0
5.0
89.0
229.0
106.0
22.0
60.0
6.0
6.0
233.0
105.0
106.0
6.0
105.0
103.0
4.0
76.0
133.0
28.0
16.0
3.0
14.0
5.0
202.0
3.0
18.0
9.0
7.0
268.0
3.0
4.0
11.0
108.0
30.0
40.0
22.0
68.0
55.0
104.0
83.0
210.0
133.0
97.0
35.0
143.0
17.0
3.0
88.0
72.0
29.0
189.0
5.0
204.0
211.0
204.0
12.0
13.0
136.0
4.0
150.0
21.0
134.0
54.0
8.0
16.0
5.0
42.0
86.0
140.0
12.0
74.0
82.0
24.0
29.0
226.0
61.0
3.0
20.0
6.0
256.0
3.0
424.0
28.0
28.0
60.0
43.0
108.0
80.0
30.0
221.0
5.0
42.0
31.0
5.0
24.0
3.0
270.0
28.0
58.0
7.0
10.0
3.0
17.0
10.0
39.0
10.0
80.0
5.0
7.0
111.0
18.0
18.0
249.0
435.0
144.0
26.0
2.0
95.0
38.0
19.0
5.0
288.0
61.0
5.0
218.0
23.0
132.0
45.0
59.0
65.0
8.0
5.0
30.0
13.0
52.0
179.0
2.0
191.0
168.0
25.0
37.0
49.0
15.0
190.0
114.0
52.0
23.0
236.0
25.0
5.0
66.0
531.0
11.0
102.0
70.0
112.0
16.0
177.0
116.0
262.0
4.0
101.0
257.0
58.0
16.0
186.0
4.0
98.0
12.0
33.0
11.0
93.0
41.0
349.0
44.0
28.0
3.0
83.0
104.0
11.0
140.0
55.0
30.0
9.0
42.0
62.0
69.0
12.0
5.0
98.0
4.0
52.0
52.0
5.0
4.0
13.0
104.0
133.0
52.0
12.0
81.0
58.0
96.0
5.0
16.0
31.0
147.0
410.0
2.0
11.0
101.0
136.0
135.0
353.0
109.0
7.0
7.0
18.0
45.0
42.0
41.0
162.0
45.0
47.0
80.0
44.0
49.0
162.0
234.0
108.0
50.0
4.0
106.0
6.0
43.0
143.0
40.0
5.0
135.0
68.0
104.0
43.0
9.0
8.0
2.0
103.0
68.0
115.0
57.0
372.0
126.0
150.0
256.0
5.0
15.0
281.0
54.0
70.0
12.0
11.0
194.0
6.0
40.0
91.0
32.0
20.0
138.0
69.0
81.0
64.0
7.0
97.0
25.0
59.0
201.0
29.0
127.0
19.0
13.0
61.0
14.0
59.0
14.0
8.0
198.0
3.0
21.0
6.0
5.0
173.0
8.0
10.0
10.0
223.0
9.0
63.0
9.0
4.0
20.0
141.0
63.0
12.0
449.0
23.0
71.0
3.0
58.0
140.0
81.0
132.0
7.0
59.0
69.0
69.0
12.0
61.0
9.0
13.0
18.0
54.0
11.0
51.0
6.0
13.0
19.0
3.0
207.0
183.0
143.0
29.0
18.0
282.0
222.0
98.0
6.0
250.0
47.0
59.0
154.0
82.0
188.0
50.0
174.0
83.0
84.0
44.0
80.0
47.0
93.0
162.0
8.0
88.0
188.0
129.0
179.0
8.0
10.0
5.0
92.0
5.0
38.0
313.0
46.0
12.0
32.0
8.0
9.0
54.0
113.0
69.0
171.0
32.0
197.0
83.0
7.0
93.0
4.0
33.0
4.0
89.0
82.0
8.0
61.0
229.0
93.0
117.0
97.0
305.0
71.0
19.0
35.0
62.0
18.0
159.0
5.0
38.0
103.0
139.0
29.0
171.0
369.0
11.0
64.0
4.0
4.0
13.0
62.0
54.0
11.0
14.0
211.0
6.0
51.0
60.0
5.0
59.0
105.0
13.0
79.0
7.0
140.0
4.0
12.0
13.0
10.0
33.0
18.0
111.0
87.0
10.0
99.0
119.0
12.0
4.0
8.0
4.0
11.0
47.0
6.0
124.0
48.0
118.0
143.0
106.0
83.0
21.0
27.0
24.0
3.0
218.0
20.0
14.0
100.0
117.0
7.0
84.0
59.0
169.0
10.0
65.0
77.0
122.0
20.0
50.0
5.0
6.0
163.0
55.0
80.0
225.0
141.0
316.0
7.0
123.0
10.0
23.0
22.0
255.0
22.0
7.0
87.0
156.0
39.0
75.0
96.0
67.0
101.0
32.0
82.0
103.0
64.0
32.0
4.0
4.0
11.0
41.0
11.0
270.0
8.0
26.0
182.0
4.0
84.0
59.0
276.0
46.0
47.0
71.0
240.0
253.0
60.0
8.0
35.0
7.0
25.0
3.0
144.0
219.0
42.0
27.0
27.0
43.0
33.0
263.0
64.0
6.0
36.0
54.0
49.0
144.0
52.0
127.0
209.0
12.0
7.0
80.0
183.0
50.0
4.0
93.0
47.0
3.0
234.0
3.0
225.0
123.0
63.0
4.0
132.0
410.0
58.0
24.0
55.0
103.0
33.0
6.0
7.0
129.0
26.0
5.0
47.0
62.0
7.0
113.0
3.0
113.0
126.0
9.0
140.0
25.0
3.0
7.0
9.0
13.0
101.0
45.0
15.0
44.0
42.0
186.0
5.0
3.0
217.0
28.0
37.0
9.0
16.0
5.0
13.0
206.0
16.0
320.0
105.0
50.0
13.0
162.0
30.0
20.0
28.0
3.0
148.0
114.0
205.0
156.0
130.0
97.0
25.0
107.0
17.0
115.0
50.0
4.0
136.0
4.0
9.0
41.0
16.0
122.0
24.0
26.0
119.0
112.0
165.0
9.0
194.0
100.0
184.0
6.0
120.0
45.0
7.0
58.0
61.0
11.0
13.0
26.0
23.0
281.0
6.0
2.0
53.0
34.0
75.0
60.0
63.0
198.0
32.0
61.0
81.0
17.0
66.0
114.0
52.0
48.0
17.0
34.0
15.0
6.0
43.0
109.0
263.0
216.0
33.0
86.0
4.0
38.0
61.0
4.0
18.0
97.0
207.0
6.0
25.0
39.0
7.0
39.0
172.0
12.0
33.0
17.0
289.0
257.0
115.0
237.0
17.0
227.0
18.0
23.0
101.0
7.0
59.0
98.0
9.0
157.0
322.0
116.0
5.0
7.0
51.0
7.0
12.0
4.0
93.0
92.0
72.0
25.0
51.0
27.0
85.0
21.0
75.0
11.0
6.0
317.0
6.0
140.0
385.0
10.0
10.0
404.0
47.0
223.0
25.0
88.0
45.0
7.0
5.0
4.0
12.0
5.0
99.0
124.0
52.0
14.0
29.0
13.0
81.0
12.0
91.0
14.0
4.0
42.0
48.0
6.0
7.0
48.0
39.0
209.0
19.0
121.0
11.0
19.0
8.0
327.0
79.0
168.0
4.0
11.0
46.0
10.0
79.0
99.0
112.0
51.0
88.0
33.0
30.0
7.0
10.0
236.0
60.0
39.0
86.0
10.0
38.0
11.0
24.0
119.0
67.0
9.0
88.0
16.0
8.0
99.0
50.0
11.0
11.0
39.0
101.0
234.0
5.0
16.0
43.0
12.0
85.0
7.0
3.0
13.0
25.0
12.0
55.0
34.0
67.0
82.0
3.0
111.0
19.0
10.0
3.0
244.0
202.0
3.0
59.0
5.0
281.0
42.0
143.0
285.0
6.0
32.0
49.0
5.0
67.0
10.0
20.0
3.0
7.0
11.0
24.0
5.0
119.0
4.0
23.0
92.0
267.0
4.0
38.0
15.0
92.0
12.0
7.0
89.0
29.0
13.0
30.0
32.0
46.0
75.0
7.0
6.0
247.0
27.0
41.0
3.0
143.0
91.0
20.0
4.0
37.0
9.0
436.0
178.0
191.0
37.0
174.0
142.0
6.0
67.0
57.0
79.0
3.0
222.0
41.0
215.0
179.0
11.0
13.0
239.0
50.0
102.0
73.0
7.0
12.0
148.0
218.0
342.0
30.0
25.0
28.0
3.0
179.0
67.0
23.0
120.0
38.0
21.0
126.0
9.0
25.0
18.0
6.0
79.0
6.0
70.0
30.0
38.0
90.0
42.0
30.0
38.0
45.0
417.0
7.0
97.0
8.0
51.0
174.0
72.0
3.0
34.0
56.0
85.0
33.0
124.0
135.0
265.0
4.0
14.0
195.0
64.0
4.0
54.0
52.0
3.0
52.0
35.0
8.0
208.0
16.0
41.0
129.0
78.0
23.0
56.0
122.0
146.0
5.0
204.0
70.0
20.0
35.0
7.0
275.0
218.0
88.0
4.0
39.0
73.0
203.0
5.0
66.0
5.0
91.0
10.0
73.0
58.0
70.0
29.0
63.0
15.0
3.0
4.0
8.0
4.0
34.0
13.0
58.0
130.0
5.0
88.0
211.0
207.0
55.0
4.0
79.0
180.0
121.0
8.0
10.0
175.0
58.0
22.0
12.0
3.0
6.0
179.0
68.0
26.0
44.0
58.0
14.0
94.0
65.0
4.0
6.0
3.0
190.0
230.0
44.0
5.0
125.0
44.0
71.0
175.0
71.0
4.0
32.0
30.0
14.0
52.0
30.0
55.0
6.0
36.0
5.0
86.0
111.0
30.0
44.0
60.0
92.0
48.0
9.0
43.0
6.0
20.0
69.0
339.0
64.0
11.0
112.0
12.0
77.0
192.0
65.0
6.0
109.0
4.0
18.0
90.0
5.0
181.0
346.0
120.0
108.0
14.0
23.0
10.0
200.0
5.0
97.0
186.0
82.0
24.0
5.0
285.0
3.0
155.0
64.0
39.0
5.0
58.0
170.0
21.0
128.0
105.0
28.0
52.0
6.0
11.0
4.0
26.0
106.0
15.0
7.0
93.0
60.0
162.0
95.0
52.0
144.0
170.0
7.0
4.0
18.0
99.0
77.0
284.0
6.0
6.0
3.0
92.0
54.0
46.0
172.0
22.0
89.0
138.0
88.0
13.0
20.0
5.0
32.0
39.0
4.0
129.0
98.0
11.0
88.0
12.0
8.0
9.0
96.0
170.0
4.0
90.0
13.0
111.0
4.0
148.0
82.0
56.0
37.0
7.0
152.0
94.0
44.0
74.0
10.0
33.0
2.0
4.0
262.0
4.0
15.0
104.0
56.0
5.0
92.0
124.0
11.0
51.0
12.0
5.0
182.0
256.0
7.0
8.0
9.0
5.0
115.0
9.0
157.0
11.0
51.0
36.0
12.0
12.0
9.0
21.0
54.0
72.0
41.0
24.0
3.0
20.0
184.0
10.0
10.0
204.0
5.0
7.0
26.0
10.0
74.0
410.0
5.0
5.0
4.0
67.0
204.0
5.0
4.0
141.0
15.0
10.0
61.0
118.0
12.0
174.0
9.0
21.0
23.0
4.0
5.0
24.0
8.0
158.0
67.0
14.0
17.0
49.0
63.0
53.0
93.0
9.0
235.0
81.0
33.0
3.0
19.0
175.0
21.0
38.0
197.0
93.0
36.0
5.0
44.0
93.0
51.0
32.0
4.0
6.0
21.0
18.0
187.0
8.0
107.0
41.0
4.0
63.0
3.0
13.0
28.0
59.0
55.0
97.0
80.0
4.0
73.0
13.0
27.0
80.0
2.0
102.0
181.0
15.0
10.0
11.0
94.0
56.0
34.0
11.0
30.0
17.0
171.0
105.0
8.0
103.0
24.0
86.0
165.0
7.0
93.0
66.0
74.0
86.0
12.0
63.0
58.0
100.0
21.0
111.0
6.0
81.0
16.0
13.0
54.0
11.0
98.0
16.0
25.0
35.0
34.0
258.0
49.0
3.0
5.0
11.0
52.0
18.0
12.0
2.0
43.0
64.0
196.0
91.0
13.0
93.0
57.0
3.0
65.0
75.0
3.0
10.0
8.0
54.0
7.0
87.0
89.0
10.0
30.0
15.0
47.0
277.0
91.0
6.0
88.0
152.0
5.0
55.0
9.0
7.0
7.0
17.0
11.0
49.0
99.0
5.0
84.0
142.0
36.0
29.0
14.0
6.0
6.0
5.0
156.0
74.0
124.0
4.0
115.0
434.0
74.0
68.0
15.0
7.0
11.0
15.0
52.0
125.0
92.0
3.0
54.0
4.0
7.0
4.0
147.0
114.0
55.0
76.0
95.0
22.0
28.0
6.0
4.0
46.0
9.0
157.0
318.0
3.0
5.0
84.0
3.0
19.0
2.0
8.0
7.0
130.0
6.0
127.0
8.0
26.0
3.0
25.0
318.0
12.0
35.0
62.0
11.0
217.0
35.0
8.0
285.0
3.0
106.0
7.0
12.0
65.0
5.0
195.0
8.0
75.0
7.0
11.0
47.0
12.0
77.0
569.0
8.0
124.0
56.0
55.0
88.0
3.0
92.0
254.0
20.0
6.0
38.0
66.0
249.0
13.0
118.0
15.0
152.0
23.0
306.0
20.0
137.0
51.0
185.0
128.0
159.0
3.0
375.0
25.0
175.0
77.0
208.0
138.0
22.0
9.0
67.0
30.0
13.0
109.0
21.0
54.0
132.0
264.0
15.0
31.0
204.0
145.0
25.0
29.0
84.0
14.0
29.0
177.0
140.0
11.0
179.0
55.0
139.0
174.0
158.0
13.0
6.0
193.0
252.0
39.0
89.0
32.0
291.0
16.0
23.0
78.0
45.0
6.0
9.0
20.0
3.0
5.0
21.0
5.0
30.0
169.0
34.0
23.0
245.0
24.0
76.0
46.0
24.0
128.0
65.0
91.0
134.0
27.0
65.0
48.0
4.0
80.0
47.0
319.0
66.0
27.0
4.0
12.0
6.0
3.0
83.0
4.0
19.0
20.0
11.0
19.0
13.0
104.0
55.0
14.0
54.0
127.0
99.0
5.0
25.0
28.0
3.0
331.0
34.0
52.0
27.0
33.0
21.0
14.0
143.0
92.0
40.0
3.0
111.0
28.0
82.0
22.0
4.0
45.0
6.0
269.0
14.0
10.0
152.0
3.0
401.0
69.0
21.0
115.0
4.0
25.0
13.0
73.0
21.0
93.0
49.0
196.0
28.0
12.0
11.0
4.0
43.0
21.0
9.0
19.0
46.0
226.0
43.0
77.0
105.0
100.0
4.0
24.0
102.0
74.0
6.0
29.0
82.0
25.0
18.0
18.0
13.0
4.0
3.0
13.0
7.0
125.0
89.0
49.0
148.0
144.0
26.0
119.0
150.0
107.0
12.0
81.0
14.0
28.0
115.0
35.0
5.0
58.0
95.0
5.0
26.0
7.0
354.0
11.0
50.0
40.0
6.0
22.0
147.0
127.0
6.0
66.0
35.0
27.0
41.0
3.0
18.0
54.0
30.0
155.0
95.0
7.0
169.0
14.0
22.0
24.0
63.0
38.0
7.0
19.0
66.0
3.0
16.0
120.0
8.0
47.0
78.0
32.0
85.0
169.0
78.0
19.0
73.0
8.0
92.0
187.0
7.0
30.0
7.0
14.0
5.0
92.0
85.0
59.0
15.0
5.0
261.0
129.0
79.0
145.0
13.0
12.0
20.0
243.0
49.0
164.0
154.0
3.0
217.0
107.0
110.0
258.0
254.0
15.0
11.0
149.0
124.0
115.0
91.0
105.0
9.0
65.0
14.0
323.0
108.0
102.0
22.0
15.0
57.0
3.0
72.0
156.0
320.0
101.0
41.0
4.0
23.0
20.0
31.0
58.0
4.0
20.0
19.0
4.0
9.0
22.0
5.0
68.0
41.0
236.0
10.0
26.0
30.0
11.0
10.0
40.0
70.0
41.0
23.0
427.0
137.0
98.0
263.0
119.0
28.0
107.0
96.0
121.0
82.0
586.0
3.0
330.0
183.0
5.0
11.0
65.0
5.0
23.0
4.0
35.0
4.0
51.0
62.0
38.0
78.0
317.0
155.0
182.0
3.0
99.0
116.0
6.0
5.0
2.0
44.0
3.0
234.0
110.0
73.0
303.0
565.0
81.0
9.0
93.0
4.0
70.0
18.0
217.0
73.0
309.0
16.0
314.0
38.0
15.0
6.0
105.0
42.0
153.0
53.0
216.0
14.0
248.0
147.0
2.0
216.0
67.0
73.0
93.0
43.0
44.0
223.0
10.0
48.0
64.0
5.0
109.0
46.0
52.0
124.0
67.0
49.0
107.0
132.0
9.0
107.0
91.0
49.0
114.0
167.0
3.0
3.0
43.0
145.0
226.0
94.0
24.0
67.0
8.0
4.0
268.0
81.0
27.0
10.0
100.0
7.0
53.0
93.0
7.0
10.0
110.0
7.0
108.0
19.0
6.0
11.0
138.0
52.0
48.0
179.0
282.0
13.0
80.0
82.0
71.0
97.0
56.0
24.0
42.0
34.0
95.0
48.0
50.0
149.0
172.0
5.0
80.0
61.0
17.0
150.0
130.0
11.0
136.0
9.0
4.0
115.0
33.0
286.0
8.0
114.0
90.0
32.0
74.0
42.0
51.0
3.0
225.0
321.0
3.0
166.0
216.0
27.0
24.0
101.0
18.0
12.0
126.0
62.0
59.0
54.0
7.0
29.0
176.0
419.0
12.0
5.0
45.0
68.0
69.0
44.0
79.0
13.0
23.0
56.0
146.0
110.0
115.0
25.0
66.0
15.0
5.0
113.0
5.0
3.0
14.0
184.0
267.0
4.0
60.0
102.0
56.0
63.0
99.0
96.0
177.0
10.0
4.0
96.0
32.0
17.0
108.0
5.0
306.0
7.0
24.0
34.0
5.0
10.0
48.0
9.0
19.0
9.0
6.0
19.0
338.0
85.0
8.0
73.0
43.0
17.0
16.0
139.0
44.0
80.0
7.0
116.0
193.0
7.0
4.0
88.0
4.0
7.0
40.0
62.0
127.0
24.0
4.0
22.0
157.0
68.0
59.0
45.0
236.0
32.0
335.0
37.0
147.0
44.0
214.0
85.0
49.0
153.0
36.0
105.0
55.0
70.0
281.0
48.0
77.0
12.0
126.0
112.0
23.0
5.0
360.0
5.0
107.0
32.0
26.0
3.0
58.0
2.0
8.0
5.0
39.0
10.0
392.0
155.0
334.0
14.0
5.0
76.0
28.0
6.0
27.0
95.0
11.0
34.0
60.0
1.0
3.0
189.0
50.0
8.0
56.0
186.0
11.0
406.0
6.0
416.0
48.0
21.0
5.0
125.0
19.0
17.0
30.0
41.0
178.0
5.0
78.0
41.0
28.0
36.0
91.0
47.0
2.0
25.0
5.0
538.0
20.0
96.0
15.0
13.0
22.0
19.0
95.0
359.0
8.0
15.0
3.0
165.0
112.0
5.0
23.0
6.0
45.0
101.0
6.0
4.0
185.0
13.0
542.0
7.0
20.0
53.0
13.0
39.0
8.0
170.0
241.0
77.0
6.0
130.0
9.0
64.0
5.0
41.0
145.0
88.0
481.0
146.0
145.0
66.0
50.0
4.0
36.0
3.0
6.0
16.0
4.0
31.0
53.0
196.0
91.0
403.0
111.0
54.0
6.0
7.0
20.0
4.0
109.0
170.0
122.0
10.0
29.0
52.0
59.0
219.0
34.0
128.0
59.0
14.0
120.0
101.0
5.0
55.0
5.0
43.0
37.0
71.0
12.0
22.0
221.0
3.0
51.0
6.0
99.0
216.0
56.0
2.0
175.0
171.0
50.0
168.0
4.0
14.0
319.0
15.0
6.0
18.0
83.0
26.0
3.0
19.0
5.0
16.0
112.0
13.0
7.0
41.0
44.0
111.0
46.0
9.0
6.0
15.0
39.0
52.0
151.0
4.0
99.0
88.0
9.0
27.0
298.0
3.0
45.0
42.0
39.0
46.0
84.0
12.0
28.0
4.0
74.0
45.0
10.0
16.0
131.0
292.0
177.0
11.0
9.0
53.0
16.0
24.0
18.0
174.0
97.0
112.0
47.0
68.0
9.0
61.0
138.0
132.0
171.0
19.0
8.0
55.0
8.0
199.0
52.0
84.0
15.0
44.0
11.0
8.0
6.0
16.0
14.0
70.0
92.0
72.0
3.0
73.0
5.0
3.0
107.0
16.0
102.0
44.0
8.0
11.0
124.0
28.0
86.0
4.0
2.0
182.0
42.0
13.0
600.0
7.0
32.0
12.0
21.0
43.0
96.0
54.0
4.0
18.0
4.0
56.0
8.0
45.0
27.0
60.0
12.0
18.0
110.0
39.0
10.0
12.0
15.0
34.0
5.0
12.0
60.0
24.0
48.0
461.0
61.0
14.0
46.0
104.0
9.0
98.0
96.0
14.0
35.0
28.0
242.0
178.0
17.0
18.0
10.0
173.0
108.0
119.0
6.0
118.0
17.0
83.0
5.0
31.0
73.0
20.0
832.0
110.0
60.0
184.0
5.0
102.0
12.0
27.0
10.0
103.0
6.0
15.0
256.0
17.0
27.0
15.0
99.0
59.0
39.0
167.0
6.0
82.0
88.0
52.0
64.0
24.0
57.0
10.0
164.0
6.0
30.0
18.0
32.0
300.0
4.0
16.0
20.0
3.0
13.0
16.0
336.0
12.0
69.0
9.0
47.0
6.0
3.0
85.0
139.0
17.0
32.0
11.0
61.0
318.0
80.0
32.0
45.0
239.0
215.0
51.0
56.0
3.0
164.0
33.0
9.0
13.0
12.0
107.0
45.0
3.0
28.0
4.0
74.0
231.0
31.0
183.0
5.0
8.0
171.0
37.0
36.0
89.0
34.0
167.0
5.0
21.0
118.0
209.0
5.0
2.0
16.0
91.0
123.0
5.0
17.0
121.0
115.0
105.0
3.0
200.0
104.0
8.0
51.0
21.0
3.0
19.0
7.0
62.0
13.0
8.0
28.0
14.0
8.0
20.0
383.0
27.0
75.0
123.0
89.0
91.0
4.0
12.0
36.0
8.0
3.0
179.0
155.0
67.0
2.0
18.0
125.0
174.0
5.0
27.0
284.0
16.0
41.0
36.0
71.0
79.0
31.0
31.0
18.0
24.0
10.0
9.0
187.0
26.0
4.0
50.0
10.0
53.0
7.0
6.0
3.0
13.0
108.0
206.0
35.0
17.0
32.0
29.0
328.0
80.0
3.0
70.0
6.0
4.0
95.0
67.0
233.0
255.0
10.0
27.0
86.0
79.0
5.0
59.0
9.0
9.0
17.0
52.0
183.0
82.0
3.0
18.0
53.0
14.0
16.0
49.0
41.0
2.0
7.0
4.0
235.0
10.0
26.0
46.0
282.0
50.0
7.0
128.0
12.0
15.0
5.0
4.0
58.0
35.0
27.0
6.0
26.0
3.0
11.0
175.0
3.0
5.0
31.0
11.0
109.0
172.0
61.0
28.0
56.0
5.0
97.0
38.0
101.0
17.0
123.0
25.0
51.0
10.0
29.0
76.0
63.0
42.0
60.0
274.0
127.0
27.0
187.0
14.0
238.0
199.0
318.0
6.0
67.0
3.0
239.0
32.0
17.0
87.0
4.0
233.0
28.0
35.0
6.0
23.0
29.0
3.0
139.0
5.0
6.0
149.0
4.0
35.0
70.0
171.0
50.0
319.0
91.0
20.0
17.0
55.0
97.0
99.0
157.0
7.0
2.0
72.0
37.0
101.0
13.0
19.0
88.0
4.0
146.0
11.0
8.0
6.0
229.0
61.0
52.0
105.0
82.0
137.0
49.0
42.0
15.0
13.0
130.0
49.0
14.0
92.0
84.0
63.0
15.0
21.0
186.0
3.0
12.0
9.0
12.0
4.0
288.0
65.0
206.0
28.0
101.0
6.0
121.0
66.0
20.0
49.0
109.0
41.0
39.0
5.0
243.0
34.0
6.0
8.0
23.0
106.0
18.0
231.0
3.0
50.0
13.0
82.0
266.0
24.0
130.0
114.0
5.0
11.0
40.0
6.0
53.0
26.0
39.0
213.0
40.0
7.0
132.0
89.0
39.0
3.0
18.0
147.0
22.0
8.0
24.0
27.0
317.0
6.0
4.0
214.0
12.0
6.0
9.0
41.0
37.0
31.0
16.0
6.0
45.0
190.0
10.0
287.0
270.0
6.0
146.0
68.0
24.0
20.0
10.0
155.0
7.0
37.0
331.0
8.0
25.0
31.0
53.0
83.0
11.0
302.0
108.0
21.0
164.0
15.0
100.0
7.0
76.0
66.0
502.0
43.0
65.0
42.0
19.0
28.0
96.0
385.0
35.0
55.0
185.0
5.0
89.0
88.0
63.0
56.0
3.0
13.0
197.0
6.0
76.0
7.0
61.0
53.0
2.0
6.0
70.0
5.0
405.0
42.0
107.0
26.0
68.0
276.0
3.0
15.0
60.0
239.0
35.0
119.0
227.0
87.0
110.0
3.0
11.0
519.0
287.0
3.0
2.0
14.0
23.0
27.0
59.0
11.0
48.0
68.0
3.0
3.0
45.0
73.0
153.0
141.0
6.0
3.0
61.0
309.0
108.0
17.0
114.0
4.0
10.0
23.0
18.0
31.0
13.0
5.0
25.0
78.0
124.0
91.0
179.0
69.0
3.0
43.0
4.0
157.0
5.0
386.0
7.0
4.0
105.0
3.0
8.0
34.0
4.0
108.0
80.0
154.0
11.0
15.0
15.0
434.0
179.0
28.0
94.0
44.0
5.0
10.0
4.0
152.0
3.0
144.0
70.0
75.0
65.0
8.0
12.0
6.0
3.0
15.0
107.0
125.0
8.0
10.0
49.0
5.0
8.0
78.0
5.0
72.0
10.0
37.0
3.0
94.0
35.0
281.0
195.0
6.0
167.0
23.0
53.0
234.0
11.0
27.0
4.0
178.0
75.0
14.0
25.0
40.0
8.0
11.0
3.0
14.0
119.0
9.0
62.0
41.0
191.0
85.0
4.0
8.0
71.0
109.0
49.0
39.0
75.0
201.0
94.0
29.0
35.0
209.0
285.0
5.0
103.0
3.0
121.0
259.0
423.0
26.0
50.0
119.0
112.0
19.0
9.0
7.0
313.0
40.0
47.0
3.0
6.0
18.0
33.0
7.0
18.0
210.0
18.0
7.0
61.0
12.0
40.0
99.0
144.0
19.0
9.0
10.0
207.0
110.0
52.0
43.0
5.0
198.0
28.0
3.0
123.0
21.0
59.0
87.0
79.0
69.0
216.0
15.0
211.0
24.0
310.0
8.0
4.0
7.0
7.0
25.0
33.0
138.0
41.0
48.0
11.0
42.0
17.0
77.0
22.0
7.0
60.0
23.0
28.0
59.0
30.0
17.0
281.0
45.0
5.0
8.0
138.0
101.0
8.0
6.0
151.0
3.0
29.0
10.0
255.0
68.0
12.0
25.0
302.0
256.0
21.0
6.0
82.0
12.0
30.0
59.0
173.0
3.0
10.0
33.0
54.0
31.0
2.0
61.0
10.0
19.0
105.0
111.0
234.0
22.0
42.0
46.0
13.0
216.0
299.0
9.0
85.0
30.0
316.0
21.0
65.0
184.0
14.0
8.0
240.0
11.0
171.0
12.0
6.0
102.0
7.0
202.0
13.0
94.0
3.0
12.0
22.0
8.0
151.0
6.0
43.0
9.0
15.0
21.0
207.0
175.0
82.0
25.0
11.0
12.0
29.0
59.0
79.0
10.0
69.0
202.0
76.0
79.0
24.0
26.0
23.0
38.0
181.0
10.0
39.0
29.0
4.0
6.0
16.0
93.0
43.0
5.0
33.0
241.0
206.0
6.0
23.0
3.0
432.0
190.0
2.0
27.0
13.0
331.0
101.0
56.0
14.0
85.0
5.0
171.0
128.0
143.0
57.0
5.0
143.0
43.0
80.0
28.0
76.0
6.0
76.0
195.0
396.0
112.0
53.0
187.0
269.0
34.0
6.0
4.0
41.0
28.0
48.0
7.0
155.0
244.0
13.0
48.0
7.0
13.0
7.0
29.0
6.0
4.0
49.0
21.0
104.0
8.0
17.0
29.0
121.0
29.0
98.0
209.0
9.0
10.0
79.0
60.0
13.0
51.0
65.0
118.0
43.0
28.0
3.0
30.0
4.0
155.0
14.0
60.0
228.0
79.0
40.0
4.0
2.0
6.0
62.0
155.0
11.0
13.0
81.0
10.0
105.0
5.0
5.0
66.0
17.0
73.0
61.0
39.0
11.0
36.0
28.0
103.0
17.0
437.0
221.0
53.0
10.0
407.0
57.0
4.0
111.0
89.0
5.0
27.0
5.0
71.0
47.0
4.0
4.0
16.0
728.0
88.0
3.0
167.0
105.0
6.0
29.0
7.0
35.0
116.0
10.0
83.0
205.0
141.0
117.0
13.0
108.0
56.0
9.0
49.0
31.0
6.0
49.0
115.0
48.0
135.0
78.0
8.0
83.0
450.0
157.0
66.0
62.0
66.0
17.0
63.0
54.0
50.0
47.0
123.0
11.0
48.0
56.0
38.0
5.0
21.0
71.0
10.0
51.0
105.0
135.0
331.0
50.0
3.0
47.0
326.0
27.0
87.0
7.0
201.0
11.0
44.0
81.0
63.0
7.0
10.0
8.0
4.0
28.0
4.0
41.0
44.0
85.0
66.0
6.0
46.0
147.0
35.0
76.0
3.0
10.0
19.0
3.0
9.0
151.0
6.0
6.0
5.0
256.0
90.0
37.0
59.0
24.0
75.0
90.0
95.0
19.0
169.0
9.0
8.0
29.0
19.0
5.0
3.0
72.0
27.0
21.0
209.0
2.0
7.0
248.0
37.0
52.0
13.0
5.0
6.0
105.0
14.0
8.0
288.0
33.0
142.0
26.0
27.0
39.0
86.0
12.0
20.0
7.0
37.0
37.0
8.0
64.0
286.0
107.0
19.0
28.0
21.0
43.0
16.0
10.0
223.0
300.0
5.0
28.0
6.0
285.0
36.0
120.0
171.0
149.0
6.0
214.0
166.0
170.0
10.0
19.0
147.0
53.0
153.0
38.0
29.0
39.0
112.0
210.0
43.0
250.0
177.0
169.0
8.0
25.0
96.0
70.0
13.0
278.0
26.0
174.0
12.0
79.0
56.0
36.0
203.0
34.0
75.0
45.0
47.0
73.0
10.0
137.0
12.0
4.0
211.0
5.0
33.0
180.0
25.0
31.0
3.0
65.0
38.0
19.0
12.0
17.0
300.0
269.0
10.0
2.0
8.0
34.0
3.0
54.0
6.0
180.0
67.0
35.0
15.0
63.0
215.0
35.0
45.0
14.0
144.0
18.0
111.0
5.0
169.0
6.0
20.0
172.0
149.0
5.0
336.0
29.0
7.0
131.0
6.0
4.0
16.0
41.0
13.0
4.0
3.0
5.0
11.0
3.0
41.0
7.0
54.0
17.0
73.0
5.0
172.0
137.0
56.0
97.0
116.0
26.0
60.0
179.0
123.0
186.0
198.0
28.0
6.0
3.0
3.0
91.0
14.0
18.0
208.0
89.0
90.0
186.0
8.0
10.0
102.0
256.0
6.0
29.0
46.0
24.0
11.0
36.0
205.0
16.0
4.0
78.0
11.0
38.0
17.0
130.0
12.0
18.0
4.0
4.0
6.0
101.0
59.0
319.0
5.0
3.0
8.0
15.0
42.0
8.0
14.0
250.0
81.0
134.0
77.0
5.0
7.0
71.0
48.0
25.0
32.0
45.0
12.0
31.0
83.0
12.0
8.0
75.0
12.0
26.0
143.0
115.0
12.0
51.0
158.0
16.0
115.0
11.0
188.0
28.0
6.0
14.0
5.0
355.0
67.0
122.0
43.0
4.0
33.0
19.0
41.0
9.0
15.0
34.0
448.0
172.0
225.0
47.0
101.0
4.0
219.0
12.0
54.0
83.0
5.0
5.0
10.0
42.0
12.0
14.0
225.0
74.0
18.0
88.0
111.0
16.0
21.0
6.0
4.0
10.0
6.0
7.0
14.0
95.0
40.0
299.0
37.0
36.0
12.0
13.0
61.0
9.0
26.0
14.0
103.0
92.0
39.0
2.0
85.0
212.0
105.0
40.0
174.0
3.0
96.0
213.0
5.0
11.0
10.0
78.0
68.0
4.0
121.0
13.0
82.0
320.0
63.0
16.0
67.0
119.0
7.0
6.0
23.0
40.0
6.0
11.0
122.0
54.0
11.0
9.0
167.0
85.0
126.0
48.0
94.0
12.0
3.0
8.0
4.0
29.0
7.0
12.0
39.0
59.0
47.0
50.0
550.0
155.0
9.0
177.0
5.0
120.0
87.0
201.0
3.0
141.0
3.0
292.0
193.0
8.0
28.0
320.0
3.0
27.0
42.0
6.0
70.0
74.0
102.0
134.0
98.0
151.0
243.0
21.0
86.0
6.0
54.0
26.0
71.0
25.0
98.0
8.0
17.0
167.0
23.0
13.0
4.0
6.0
9.0
278.0
7.0
33.0
48.0
31.0
34.0
415.0
6.0
16.0
59.0
11.0
8.0
46.0
119.0
15.0
8.0
11.0
29.0
149.0
5.0
54.0
381.0
22.0
32.0
112.0
71.0
3.0
12.0
4.0
11.0
36.0
57.0
30.0
38.0
5.0
214.0
67.0
2.0
5.0
13.0
52.0
38.0
3.0
5.0
62.0
5.0
33.0
3.0
228.0
6.0
67.0
102.0
76.0
176.0
24.0
7.0
178.0
234.0
33.0
10.0
113.0
9.0
25.0
36.0
87.0
92.0
13.0
5.0
180.0
4.0
404.0
67.0
24.0
186.0
21.0
19.0
10.0
85.0
8.0
80.0
50.0
6.0
65.0
132.0
27.0
181.0
25.0
7.0
8.0
3.0
25.0
83.0
102.0
321.0
21.0
3.0
91.0
4.0
4.0
206.0
39.0
265.0
116.0
7.0
12.0
139.0
482.0
156.0
270.0
36.0
41.0
9.0
11.0
4.0
23.0
84.0
3.0
89.0
202.0
9.0
70.0
16.0
137.0
53.0
109.0
14.0
175.0
8.0
14.0
8.0
201.0
7.0
4.0
149.0
282.0
5.0
8.0
11.0
57.0
20.0
89.0
8.0
21.0
21.0
200.0
109.0
4.0
46.0
9.0
198.0
54.0
3.0
135.0
116.0
360.0
179.0
3.0
76.0
85.0
100.0
49.0
337.0
12.0
200.0
340.0
12.0
168.0
115.0
38.0
286.0
129.0
159.0
273.0
45.0
50.0
16.0
3.0
8.0
13.0
42.0
358.0
3.0
32.0
99.0
43.0
74.0
6.0
288.0
34.0
24.0
45.0
28.0
131.0
3.0
119.0
12.0
18.0
23.0
34.0
96.0
158.0
45.0
7.0
134.0
111.0
65.0
7.0
7.0
165.0
25.0
12.0
18.0
39.0
24.0
46.0
70.0
6.0
103.0
284.0
20.0
2.0
23.0
27.0
19.0
86.0
11.0
24.0
12.0
157.0
76.0
24.0
144.0
49.0
5.0
130.0
7.0
19.0
12.0
8.0
11.0
7.0
97.0
49.0
161.0
26.0
172.0
195.0
25.0
3.0
50.0
136.0
11.0
107.0
3.0
115.0
77.0
38.0
7.0
