16.0
90.0
7.0
133.0
5.0
44.0
7.0
33.0
129.0
4.0
10.0
5.0
14.0
70.0
85.0
3.0
85.0
16.0
158.0
45.0
42.0
43.0
90.0
9.0
20.0
11.0
15.0
5.0
49.0
89.0
4.0
133.0
5.0
7.0
4.0
14.0
18.0
142.0
166.0
139.0
39.0
8.0
5.0
10.0
3.0
583.0
12.0
142.0
34.0
17.0
27.0
161.0
6.0
81.0
9.0
249.0
4.0
4.0
39.0
6.0
246.0
16.0
168.0
188.0
2.0
3.0
66.0
6.0
70.0
299.0
5.0
10.0
76.0
22.0
13.0
76.0
5.0
2.0
158.0
148.0
108.0
119.0
188.0
24.0
205.0
216.0
318.0
17.0
5.0
9.0
91.0
17.0
8.0
3.0
11.0
23.0
2.0
42.0
6.0
47.0
8.0
58.0
27.0
48.0
11.0
52.0
58.0
124.0
76.0
5.0
2.0
14.0
65.0
105.0
310.0
117.0
174.0
4.0
6.0
165.0
168.0
43.0
10.0
484.0
309.0
175.0
64.0
2.0
22.0
37.0
36.0
65.0
12.0
5.0
97.0
5.0
15.0
67.0
2.0
74.0
7.0
4.0
14.0
167.0
3.0
2.0
126.0
173.0
468.0
6.0
145.0
24.0
5.0
52.0
39.0
5.0
9.0
4.0
84.0
8.0
35.0
6.0
227.0
48.0
16.0
82.0
206.0
174.0
2.0
63.0
26.0
2.0
65.0
6.0
111.0
98.0
112.0
16.0
38.0
3.0
7.0
5.0
9.0
9.0
3.0
3.0
6.0
4.0
53.0
4.0
10.0
85.0
11.0
24.0
15.0
83.0
9.0
12.0
7.0
34.0
31.0
86.0
81.0
85.0
16.0
20.0
7.0
5.0
16.0
6.0
167.0
25.0
168.0
178.0
5.0
24.0
6.0
6.0
126.0
2.0
66.0
7.0
5.0
57.0
4.0
3.0
68.0
46.0
2.0
126.0
5.0
8.0
47.0
3.0
7.0
2.0
81.0
9.0
4.0
28.0
3.0
87.0
13.0
25.0
2.0
131.0
8.0
65.0
86.0
43.0
22.0
45.0
13.0
73.0
7.0
110.0
14.0
19.0
258.0
280.0
181.0
75.0
7.0
176.0
2.0
348.0
96.0
12.0
4.0
39.0
17.0
3.0
97.0
244.0
123.0
75.0
18.0
70.0
12.0
12.0
24.0
234.0
110.0
4.0
4.0
28.0
208.0
5.0
3.0
18.0
30.0
7.0
288.0
6.0
30.0
162.0
6.0
2.0
5.0
2.0
35.0
3.0
2.0
123.0
22.0
250.0
5.0
2.0
216.0
5.0
2.0
51.0
5.0
139.0
1.0
11.0
9.0
39.0
27.0
114.0
153.0
2.0
121.0
39.0
208.0
124.0
131.0
6.0
225.0
12.0
74.0
79.0
3.0
5.0
29.0
5.0
7.0
57.0
145.0
42.0
11.0
5.0
17.0
3.0
12.0
6.0
4.0
9.0
40.0
4.0
22.0
141.0
156.0
27.0
9.0
93.0
68.0
5.0
44.0
12.0
20.0
2.0
35.0
225.0
33.0
70.0
95.0
68.0
42.0
14.0
89.0
38.0
2.0
14.0
6.0
3.0
4.0
46.0
5.0
43.0
20.0
131.0
9.0
8.0
116.0
5.0
35.0
42.0
109.0
11.0
3.0
178.0
2.0
9.0
128.0
151.0
47.0
178.0
163.0
59.0
7.0
11.0
9.0
5.0
100.0
10.0
52.0
8.0
6.0
5.0
251.0
6.0
481.0
109.0
33.0
58.0
11.0
262.0
54.0
10.0
101.0
19.0
5.0
186.0
7.0
116.0
6.0
8.0
42.0
33.0
10.0
89.0
48.0
4.0
9.0
121.0
29.0
7.0
2.0
250.0
5.0
2.0
2.0
17.0
3.0
13.0
11.0
5.0
10.0
37.0
107.0
38.0
7.0
8.0
70.0
155.0
99.0
8.0
155.0
35.0
141.0
112.0
150.0
8.0
12.0
110.0
104.0
2.0
14.0
267.0
3.0
218.0
4.0
6.0
6.0
132.0
104.0
6.0
5.0
28.0
10.0
20.0
10.0
81.0
4.0
4.0
132.0
2.0
229.0
136.0
2.0
97.0
9.0
31.0
123.0
4.0
37.0
6.0
211.0
14.0
112.0
123.0
43.0
144.0
19.0
27.0
71.0
134.0
294.0
6.0
62.0
10.0
267.0
138.0
5.0
5.0
77.0
61.0
137.0
17.0
16.0
68.0
2.0
165.0
41.0
9.0
42.0
91.0
24.0
8.0
4.0
4.0
122.0
65.0
19.0
34.0
16.0
32.0
195.0
47.0
3.0
3.0
5.0
256.0
23.0
11.0
5.0
175.0
13.0
6.0
2.0
191.0
179.0
61.0
4.0
98.0
58.0
2.0
113.0
20.0
2.0
13.0
59.0
7.0
22.0
3.0
4.0
28.0
9.0
69.0
219.0
73.0
2.0
18.0
3.0
64.0
72.0
6.0
8.0
4.0
98.0
56.0
4.0
74.0
49.0
192.0
27.0
244.0
62.0
326.0
12.0
38.0
155.0
6.0
438.0
218.0
11.0
148.0
6.0
65.0
8.0
7.0
140.0
60.0
56.0
6.0
10.0
19.0
520.0
55.0
87.0
3.0
164.0
16.0
8.0
23.0
69.0
121.0
37.0
14.0
22.0
7.0
5.0
7.0
101.0
44.0
75.0
13.0
3.0
13.0
6.0
8.0
75.0
36.0
95.0
26.0
12.0
43.0
152.0
109.0
126.0
130.0
39.0
7.0
8.0
5.0
14.0
95.0
3.0
475.0
113.0
219.0
175.0
61.0
91.0
3.0
18.0
8.0
199.0
10.0
20.0
33.0
3.0
43.0
41.0
2.0
28.0
7.0
92.0
10.0
2.0
23.0
4.0
6.0
12.0
7.0
45.0
29.0
84.0
49.0
8.0
314.0
4.0
5.0
117.0
5.0
42.0
24.0
70.0
25.0
5.0
87.0
11.0
26.0
252.0
5.0
3.0
11.0
30.0
64.0
18.0
79.0
6.0
132.0
36.0
182.0
2.0
39.0
38.0
86.0
246.0
25.0
99.0
203.0
13.0
20.0
3.0
7.0
6.0
228.0
122.0
117.0
21.0
30.0
40.0
3.0
11.0
214.0
27.0
46.0
5.0
39.0
256.0
380.0
4.0
11.0
6.0
5.0
5.0
343.0
2.0
3.0
2.0
3.0
4.0
38.0
427.0
244.0
47.0
11.0
7.0
3.0
115.0
73.0
12.0
101.0
18.0
393.0
12.0
20.0
9.0
8.0
22.0
6.0
4.0
27.0
82.0
33.0
112.0
25.0
13.0
5.0
53.0
107.0
38.0
209.0
146.0
11.0
19.0
2.0
73.0
7.0
39.0
47.0
16.0
155.0
77.0
16.0
4.0
78.0
30.0
13.0
68.0
2.0
4.0
5.0
5.0
57.0
12.0
40.0
2.0
10.0
21.0
82.0
70.0
87.0
24.0
122.0
3.0
9.0
2.0
6.0
97.0
10.0
75.0
37.0
34.0
37.0
374.0
497.0
29.0
64.0
186.0
5.0
7.0
9.0
68.0
9.0
11.0
127.0
240.0
25.0
313.0
4.0
21.0
171.0
26.0
135.0
312.0
5.0
2.0
13.0
2.0
6.0
54.0
18.0
36.0
19.0
4.0
3.0
160.0
71.0
4.0
60.0
328.0
44.0
16.0
4.0
4.0
144.0
6.0
132.0
4.0
11.0
6.0
5.0
3.0
13.0
8.0
62.0
10.0
81.0
201.0
16.0
10.0
15.0
7.0
59.0
73.0
261.0
58.0
17.0
5.0
17.0
10.0
28.0
50.0
82.0
20.0
32.0
7.0
2.0
2.0
5.0
3.0
2.0
11.0
42.0
5.0
68.0
91.0
213.0
2.0
113.0
5.0
14.0
2.0
5.0
23.0
14.0
45.0
82.0
5.0
8.0
17.0
57.0
5.0
42.0
12.0
66.0
187.0
16.0
12.0
46.0
38.0
114.0
59.0
73.0
72.0
9.0
3.0
110.0
5.0
100.0
53.0
5.0
4.0
10.0
51.0
197.0
4.0
54.0
2.0
152.0
38.0
36.0
6.0
41.0
7.0
5.0
101.0
29.0
24.0
91.0
5.0
15.0
11.0
36.0
12.0
10.0
5.0
5.0
107.0
76.0
134.0
36.0
173.0
33.0
8.0
5.0
277.0
5.0
60.0
7.0
73.0
96.0
2.0
20.0
22.0
8.0
8.0
9.0
15.0
8.0
253.0
33.0
9.0
2.0
3.0
71.0
109.0
4.0
11.0
5.0
149.0
11.0
10.0
117.0
167.0
66.0
4.0
5.0
93.0
144.0
35.0
12.0
17.0
2.0
24.0
99.0
242.0
54.0
160.0
30.0
50.0
117.0
5.0
4.0
8.0
282.0
9.0
5.0
6.0
135.0
63.0
1.0
5.0
9.0
68.0
142.0
5.0
5.0
197.0
74.0
96.0
4.0
2.0
6.0
78.0
67.0
17.0
96.0
44.0
22.0
291.0
68.0
3.0
10.0
91.0
98.0
186.0
37.0
248.0
5.0
3.0
32.0
184.0
12.0
63.0
2.0
31.0
23.0
2.0
4.0
62.0
216.0
10.0
23.0
234.0
40.0
44.0
108.0
5.0
338.0
4.0
5.0
2.0
10.0
15.0
5.0
9.0
170.0
5.0
6.0
9.0
5.0
4.0
135.0
625.0
4.0
104.0
89.0
34.0
11.0
41.0
23.0
5.0
55.0
53.0
90.0
33.0
5.0
3.0
129.0
58.0
160.0
2.0
116.0
4.0
98.0
34.0
11.0
208.0
17.0
39.0
42.0
86.0
4.0
139.0
5.0
51.0
50.0
10.0
5.0
9.0
23.0
68.0
94.0
46.0
12.0
30.0
190.0
4.0
30.0
37.0
184.0
70.0
31.0
117.0
8.0
8.0
2.0
5.0
57.0
39.0
98.0
57.0
205.0
5.0
2.0
14.0
210.0
36.0
4.0
54.0
47.0
16.0
76.0
44.0
43.0
1.0
180.0
5.0
7.0
3.0
4.0
136.0
2.0
140.0
27.0
54.0
217.0
27.0
3.0
6.0
2.0
4.0
18.0
42.0
1.0
10.0
169.0
349.0
62.0
105.0
9.0
65.0
4.0
26.0
27.0
17.0
8.0
13.0
4.0
2.0
17.0
5.0
23.0
2.0
3.0
12.0
133.0
29.0
11.0
6.0
3.0
65.0
4.0
174.0
5.0
4.0
52.0
40.0
8.0
14.0
33.0
36.0
4.0
54.0
6.0
121.0
50.0
2.0
9.0
81.0
27.0
53.0
2.0
53.0
155.0
39.0
11.0
16.0
100.0
4.0
179.0
318.0
10.0
49.0
45.0
8.0
29.0
191.0
48.0
61.0
146.0
9.0
9.0
18.0
1.0
4.0
127.0
36.0
187.0
30.0
65.0
5.0
106.0
94.0
124.0
6.0
14.0
8.0
106.0
2.0
15.0
164.0
7.0
32.0
15.0
152.0
8.0
6.0
2.0
11.0
191.0
123.0
13.0
126.0
2.0
4.0
4.0
171.0
13.0
44.0
93.0
26.0
3.0
274.0
37.0
9.0
3.0
6.0
5.0
20.0
36.0
41.0
50.0
99.0
187.0
2.0
27.0
170.0
6.0
222.0
10.0
71.0
408.0
12.0
102.0
17.0
3.0
4.0
42.0
171.0
84.0
24.0
2.0
6.0
2.0
296.0
73.0
62.0
1.0
4.0
180.0
20.0
424.0
12.0
188.0
2.0
50.0
10.0
42.0
264.0
191.0
8.0
90.0
261.0
5.0
8.0
23.0
224.0
3.0
55.0
165.0
5.0
2.0
7.0
17.0
9.0
3.0
5.0
6.0
43.0
24.0
7.0
64.0
8.0
106.0
6.0
3.0
19.0
61.0
6.0
2.0
6.0
24.0
4.0
23.0
2.0
76.0
3.0
12.0
136.0
12.0
20.0
9.0
53.0
4.0
4.0
16.0
3.0
5.0
5.0
73.0
12.0
6.0
44.0
51.0
15.0
93.0
288.0
82.0
6.0
5.0
114.0
5.0
48.0
24.0
47.0
26.0
3.0
5.0
5.0
203.0
7.0
13.0
7.0
6.0
5.0
96.0
2.0
21.0
50.0
225.0
19.0
6.0
102.0
141.0
560.0
4.0
66.0
3.0
5.0
91.0
34.0
1.0
10.0
5.0
10.0
156.0
83.0
100.0
3.0
12.0
4.0
142.0
75.0
6.0
69.0
5.0
7.0
10.0
327.0
256.0
421.0
61.0
335.0
156.0
16.0
14.0
43.0
37.0
19.0
155.0
39.0
12.0
6.0
11.0
63.0
10.0
5.0
29.0
7.0
86.0
3.0
68.0
11.0
47.0
166.0
25.0
34.0
5.0
4.0
178.0
2.0
6.0
12.0
3.0
38.0
16.0
5.0
239.0
100.0
51.0
122.0
83.0
410.0
6.0
4.0
47.0
161.0
5.0
3.0
5.0
51.0
9.0
5.0
6.0
3.0
5.0
145.0
87.0
68.0
8.0
283.0
133.0
210.0
5.0
2.0
5.0
73.0
73.0
197.0
45.0
81.0
233.0
3.0
222.0
81.0
5.0
26.0
13.0
38.0
39.0
172.0
21.0
287.0
100.0
11.0
152.0
5.0
43.0
67.0
8.0
92.0
22.0
3.0
5.0
42.0
3.0
38.0
2.0
33.0
32.0
29.0
75.0
3.0
148.0
2.0
158.0
15.0
227.0
4.0
3.0
9.0
7.0
21.0
104.0
7.0
18.0
2.0
6.0
96.0
65.0
3.0
30.0
89.0
45.0
259.0
41.0
2.0
138.0
149.0
5.0
5.0
4.0
9.0
89.0
7.0
201.0
11.0
5.0
128.0
247.0
99.0
23.0
4.0
14.0
7.0
38.0
39.0
17.0
10.0
19.0
41.0
5.0
10.0
137.0
13.0
72.0
8.0
155.0
177.0
4.0
11.0
67.0
81.0
24.0
34.0
5.0
4.0
3.0
165.0
56.0
10.0
22.0
9.0
32.0
97.0
120.0
49.0
34.0
24.0
75.0
42.0
8.0
177.0
39.0
24.0
48.0
27.0
64.0
9.0
181.0
2.0
5.0
3.0
125.0
8.0
9.0
163.0
2.0
5.0
17.0
6.0
37.0
6.0
2.0
2.0
103.0
94.0
53.0
5.0
26.0
2.0
132.0
39.0
172.0
2.0
8.0
9.0
15.0
13.0
29.0
13.0
329.0
5.0
7.0
30.0
144.0
35.0
36.0
39.0
144.0
12.0
2.0
19.0
6.0
36.0
13.0
12.0
21.0
9.0
9.0
81.0
6.0
56.0
3.0
5.0
11.0
158.0
7.0
2.0
14.0
51.0
10.0
3.0
24.0
2.0
37.0
55.0
7.0
6.0
6.0
4.0
34.0
89.0
8.0
32.0
17.0
14.0
8.0
78.0
9.0
285.0
98.0
110.0
217.0
5.0
129.0
8.0
100.0
17.0
7.0
17.0
4.0
2.0
9.0
25.0
57.0
8.0
4.0
2.0
2.0
125.0
19.0
161.0
3.0
42.0
5.0
43.0
287.0
135.0
120.0
4.0
42.0
2.0
24.0
29.0
6.0
5.0
7.0
4.0
38.0
31.0
8.0
9.0
5.0
10.0
5.0
35.0
14.0
6.0
3.0
47.0
7.0
8.0
38.0
21.0
22.0
35.0
6.0
51.0
8.0
37.0
29.0
50.0
75.0
70.0
7.0
72.0
181.0
208.0
15.0
33.0
9.0
14.0
25.0
78.0
5.0
5.0
14.0
6.0
149.0
43.0
180.0
6.0
2.0
18.0
150.0
16.0
5.0
16.0
3.0
2.0
5.0
6.0
47.0
33.0
7.0
111.0
170.0
8.0
102.0
164.0
2.0
32.0
23.0
2.0
99.0
30.0
10.0
33.0
31.0
41.0
6.0
21.0
12.0
10.0
6.0
121.0
4.0
6.0
6.0
73.0
164.0
11.0
5.0
7.0
10.0
237.0
8.0
179.0
54.0
6.0
13.0
89.0
387.0
2.0
4.0
24.0
17.0
3.0
5.0
99.0
61.0
11.0
10.0
67.0
35.0
7.0
24.0
4.0
15.0
10.0
62.0
9.0
26.0
3.0
6.0
407.0
24.0
53.0
12.0
5.0
156.0
56.0
7.0
19.0
7.0
9.0
4.0
132.0
49.0
3.0
5.0
145.0
108.0
15.0
226.0
2.0
12.0
462.0
43.0
19.0
15.0
79.0
262.0
5.0
39.0
6.0
28.0
6.0
34.0
6.0
52.0
3.0
52.0
7.0
132.0
5.0
13.0
99.0
80.0
7.0
11.0
34.0
77.0
50.0
28.0
5.0
38.0
14.0
6.0
71.0
4.0
165.0
125.0
166.0
46.0
8.0
14.0
2.0
11.0
4.0
65.0
88.0
17.0
99.0
148.0
49.0
15.0
75.0
2.0
2.0
3.0
2.0
3.0
11.0
12.0
7.0
138.0
42.0
12.0
103.0
11.0
127.0
5.0
156.0
11.0
80.0
68.0
13.0
8.0
13.0
84.0
3.0
5.0
99.0
36.0
2.0
2.0
32.0
67.0
4.0
3.0
6.0
31.0
4.0
25.0
6.0
160.0
3.0
58.0
171.0
17.0
2.0
35.0
20.0
17.0
5.0
23.0
6.0
23.0
83.0
81.0
2.0
151.0
16.0
12.0
29.0
6.0
10.0
94.0
468.0
3.0
9.0
225.0
154.0
8.0
223.0
189.0
281.0
153.0
97.0
70.0
87.0
38.0
20.0
3.0
10.0
209.0
7.0
2.0
15.0
53.0
60.0
42.0
2.0
96.0
4.0
5.0
3.0
4.0
7.0
213.0
6.0
333.0
23.0
10.0
2.0
13.0
3.0
157.0
63.0
60.0
2.0
40.0
181.0
66.0
11.0
71.0
4.0
14.0
66.0
19.0
93.0
3.0
5.0
341.0
42.0
5.0
127.0
8.0
131.0
6.0
8.0
33.0
5.0
140.0
38.0
4.0
4.0
37.0
3.0
6.0
17.0
105.0
8.0
22.0
131.0
51.0
2.0
5.0
8.0
9.0
197.0
39.0
72.0
20.0
20.0
102.0
11.0
122.0
48.0
115.0
100.0
3.0
48.0
18.0
2.0
88.0
38.0
5.0
2.0
36.0
38.0
1.0
3.0
220.0
244.0
316.0
5.0
34.0
69.0
3.0
7.0
45.0
208.0
27.0
14.0
48.0
98.0
7.0
23.0
3.0
126.0
120.0
2.0
43.0
123.0
25.0
4.0
14.0
30.0
23.0
383.0
3.0
10.0
11.0
106.0
3.0
71.0
20.0
103.0
7.0
138.0
5.0
7.0
182.0
19.0
38.0
396.0
284.0
5.0
7.0
12.0
106.0
4.0
72.0
48.0
3.0
5.0
20.0
128.0
19.0
1.0
3.0
79.0
112.0
2.0
3.0
2.0
30.0
63.0
5.0
15.0
64.0
6.0
97.0
110.0
119.0
79.0
160.0
57.0
184.0
6.0
52.0
11.0
5.0
5.0
7.0
1.0
112.0
40.0
45.0
9.0
38.0
66.0
109.0
81.0
50.0
3.0
12.0
78.0
3.0
15.0
138.0
6.0
256.0
12.0
11.0
7.0
3.0
65.0
60.0
2.0
37.0
3.0
8.0
5.0
54.0
9.0
6.0
319.0
150.0
40.0
17.0
3.0
13.0
54.0
9.0
115.0
101.0
9.0
2.0
39.0
26.0
7.0
24.0
121.0
78.0
4.0
3.0
157.0
17.0
34.0
10.0
12.0
167.0
86.0
58.0
356.0
6.0
8.0
3.0
2.0
66.0
34.0
243.0
3.0
141.0
102.0
12.0
52.0
16.0
6.0
237.0
67.0
2.0
2.0
149.0
5.0
30.0
26.0
2.0
39.0
20.0
42.0
2.0
12.0
16.0
5.0
44.0
23.0
1.0
4.0
59.0
8.0
7.0
5.0
49.0
131.0
356.0
16.0
28.0
14.0
8.0
26.0
31.0
19.0
286.0
27.0
127.0
15.0
116.0
2.0
5.0
120.0
312.0
190.0
82.0
2.0
18.0
54.0
5.0
19.0
17.0
130.0
84.0
167.0
66.0
69.0
122.0
126.0
259.0
38.0
45.0
144.0
233.0
147.0
15.0
52.0
97.0
5.0
22.0
17.0
342.0
10.0
85.0
9.0
129.0
9.0
2.0
58.0
7.0
167.0
95.0
136.0
63.0
259.0
6.0
6.0
126.0
9.0
2.0
100.0
29.0
79.0
13.0
11.0
63.0
2.0
4.0
3.0
8.0
72.0
9.0
5.0
109.0
115.0
11.0
19.0
23.0
306.0
9.0
11.0
66.0
90.0
34.0
2.0
10.0
148.0
31.0
5.0
12.0
49.0
2.0
10.0
5.0
9.0
171.0
8.0
120.0
3.0
8.0
3.0
44.0
123.0
11.0
9.0
127.0
136.0
21.0
5.0
41.0
2.0
171.0
6.0
6.0
15.0
5.0
11.0
7.0
3.0
9.0
39.0
38.0
4.0
283.0
153.0
2.0
198.0
6.0
109.0
22.0
33.0
55.0
33.0
64.0
5.0
3.0
136.0
22.0
3.0
10.0
78.0
9.0
4.0
7.0
211.0
6.0
11.0
40.0
3.0
207.0
69.0
184.0
70.0
2.0
12.0
39.0
4.0
10.0
199.0
24.0
5.0
4.0
5.0
36.0
24.0
4.0
51.0
24.0
4.0
54.0
74.0
22.0
2.0
8.0
5.0
4.0
42.0
69.0
13.0
125.0
76.0
17.0
18.0
4.0
65.0
21.0
3.0
247.0
23.0
3.0
76.0
5.0
201.0
40.0
158.0
5.0
5.0
3.0
101.0
5.0
90.0
83.0
13.0
3.0
5.0
199.0
27.0
64.0
16.0
17.0
3.0
6.0
85.0
26.0
5.0
10.0
4.0
12.0
362.0
16.0
24.0
6.0
149.0
12.0
14.0
17.0
121.0
32.0
11.0
256.0
2.0
30.0
3.0
7.0
34.0
110.0
116.0
22.0
70.0
13.0
8.0
88.0
3.0
6.0
16.0
9.0
35.0
20.0
176.0
17.0
177.0
113.0
56.0
10.0
7.0
5.0
77.0
252.0
93.0
4.0
87.0
24.0
32.0
6.0
5.0
23.0
43.0
11.0
105.0
97.0
9.0
7.0
128.0
97.0
120.0
311.0
5.0
118.0
15.0
8.0
2.0
279.0
36.0
50.0
246.0
41.0
5.0
9.0
1.0
9.0
29.0
18.0
9.0
9.0
5.0
4.0
31.0
140.0
84.0
25.0
14.0
4.0
15.0
120.0
18.0
170.0
67.0
5.0
3.0
33.0
28.0
16.0
3.0
89.0
37.0
2.0
60.0
30.0
307.0
207.0
63.0
209.0
223.0
46.0
145.0
186.0
48.0
4.0
4.0
25.0
3.0
42.0
19.0
15.0
38.0
43.0
137.0
108.0
5.0
4.0
55.0
4.0
3.0
4.0
118.0
15.0
2.0
128.0
37.0
25.0
5.0
20.0
28.0
3.0
21.0
21.0
3.0
24.0
153.0
16.0
80.0
51.0
19.0
62.0
5.0
63.0
2.0
2.0
116.0
106.0
91.0
41.0
125.0
78.0
51.0
5.0
24.0
64.0
38.0
62.0
6.0
2.0
39.0
134.0
128.0
2.0
8.0
178.0
4.0
118.0
8.0
191.0
10.0
3.0
53.0
11.0
71.0
9.0
55.0
4.0
37.0
99.0
43.0
8.0
32.0
4.0
11.0
135.0
96.0
83.0
9.0
222.0
2.0
321.0
2.0
15.0
6.0
25.0
5.0
3.0
43.0
12.0
30.0
3.0
145.0
110.0
236.0
10.0
8.0
59.0
7.0
8.0
2.0
256.0
168.0
20.0
114.0
6.0
5.0
24.0
11.0
179.0
30.0
6.0
2.0
95.0
73.0
33.0
21.0
332.0
43.0
20.0
14.0
9.0
182.0
26.0
62.0
179.0
3.0
2.0
8.0
5.0
7.0
2.0
222.0
5.0
11.0
103.0
3.0
5.0
3.0
3.0
4.0
27.0
122.0
8.0
76.0
16.0
2.0
19.0
75.0
36.0
13.0
581.0
499.0
10.0
132.0
127.0
129.0
24.0
2.0
23.0
4.0
7.0
35.0
28.0
49.0
107.0
78.0
274.0
243.0
13.0
9.0
130.0
41.0
46.0
52.0
36.0
86.0
18.0
5.0
3.0
7.0
157.0
16.0
169.0
86.0
198.0
8.0
77.0
5.0
86.0
25.0
3.0
75.0
40.0
7.0
57.0
5.0
313.0
4.0
41.0
6.0
2.0
5.0
5.0
11.0
5.0
4.0
4.0
4.0
35.0
168.0
18.0
17.0
32.0
22.0
10.0
180.0
135.0
3.0
228.0
200.0
29.0
47.0
18.0
3.0
17.0
6.0
160.0
133.0
108.0
187.0
2.0
92.0
110.0
287.0
5.0
5.0
45.0
7.0
171.0
131.0
10.0
4.0
106.0
7.0
5.0
5.0
39.0
6.0
24.0
23.0
5.0
24.0
5.0
56.0
8.0
2.0
7.0
43.0
4.0
381.0
14.0
11.0
6.0
38.0
125.0
13.0
152.0
109.0
71.0
111.0
14.0
25.0
7.0
196.0
24.0
15.0
2.0
5.0
43.0
5.0
3.0
4.0
213.0
17.0
105.0
22.0
12.0
50.0
38.0
11.0
6.0
490.0
5.0
10.0
3.0
29.0
24.0
9.0
2.0
8.0
84.0
141.0
4.0
4.0
5.0
10.0
8.0
13.0
86.0
8.0
85.0
6.0
21.0
110.0
53.0
9.0
217.0
30.0
2.0
7.0
4.0
11.0
8.0
2.0
10.0
2.0
5.0
121.0
45.0
3.0
99.0
1.0
148.0
2.0
31.0
57.0
168.0
3.0
3.0
24.0
361.0
65.0
5.0
3.0
85.0
47.0
328.0
38.0
118.0
56.0
23.0
59.0
2.0
67.0
4.0
5.0
49.0
3.0
333.0
5.0
85.0
4.0
67.0
2.0
72.0
5.0
50.0
10.0
109.0
99.0
60.0
24.0
100.0
59.0
12.0
2.0
9.0
3.0
116.0
11.0
259.0
6.0
7.0
36.0
267.0
2.0
42.0
4.0
117.0
19.0
2.0
5.0
54.0
5.0
3.0
24.0
127.0
3.0
8.0
134.0
99.0
72.0
8.0
128.0
136.0
71.0
2.0
157.0
119.0
28.0
199.0
12.0
6.0
15.0
6.0
189.0
2.0
20.0
134.0
16.0
2.0
2.0
13.0
11.0
6.0
98.0
163.0
346.0
5.0
7.0
3.0
134.0
124.0
4.0
25.0
106.0
131.0
193.0
44.0
184.0
142.0
11.0
57.0
11.0
212.0
113.0
5.0
24.0
65.0
12.0
230.0
101.0
29.0
8.0
85.0
7.0
2.0
100.0
156.0
10.0
145.0
12.0
5.0
157.0
4.0
22.0
5.0
67.0
193.0
2.0
3.0
25.0
42.0
63.0
4.0
29.0
52.0
3.0
18.0
30.0
74.0
141.0
371.0
144.0
130.0
37.0
10.0
55.0
3.0
28.0
111.0
15.0
351.0
14.0
148.0
6.0
3.0
59.0
6.0
61.0
24.0
38.0
92.0
3.0
240.0
2.0
5.0
159.0
107.0
3.0
93.0
22.0
2.0
103.0
2.0
37.0
19.0
27.0
3.0
23.0
127.0
4.0
62.0
14.0
1.0
10.0
322.0
9.0
6.0
22.0
40.0
85.0
33.0
141.0
2.0
50.0
11.0
6.0
279.0
129.0
35.0
119.0
193.0
59.0
152.0
140.0
6.0
191.0
8.0
3.0
9.0
2.0
3.0
171.0
5.0
81.0
45.0
55.0
20.0
88.0
55.0
77.0
1.0
18.0
179.0
31.0
7.0
96.0
18.0
72.0
7.0
63.0
60.0
23.0
2.0
23.0
39.0
3.0
263.0
52.0
20.0
7.0
52.0
28.0
4.0
16.0
9.0
233.0
5.0
6.0
235.0
167.0
4.0
30.0
8.0
2.0
2.0
56.0
6.0
2.0
5.0
71.0
24.0
60.0
6.0
3.0
2.0
2.0
6.0
55.0
138.0
38.0
72.0
10.0
37.0
303.0
5.0
15.0
5.0
109.0
270.0
11.0
51.0
6.0
60.0
15.0
40.0
3.0
46.0
43.0
32.0
8.0
2.0
5.0
54.0
174.0
55.0
128.0
5.0
12.0
47.0
26.0
47.0
56.0
16.0
86.0
102.0
7.0
3.0
48.0
75.0
24.0
13.0
4.0
59.0
29.0
3.0
341.0
94.0
101.0
2.0
181.0
12.0
52.0
2.0
4.0
3.0
39.0
168.0
68.0
6.0
184.0
89.0
11.0
6.0
8.0
129.0
54.0
15.0
33.0
64.0
4.0
230.0
7.0
7.0
42.0
161.0
98.0
218.0
23.0
8.0
10.0
52.0
35.0
29.0
2.0
5.0
6.0
57.0
7.0
6.0
249.0
2.0
85.0
145.0
5.0
415.0
21.0
92.0
122.0
16.0
78.0
41.0
6.0
156.0
25.0
144.0
5.0
104.0
45.0
7.0
31.0
245.0
6.0
42.0
11.0
222.0
12.0
8.0
32.0
23.0
11.0
11.0
29.0
22.0
233.0
100.0
170.0
291.0
27.0
27.0
79.0
14.0
26.0
5.0
4.0
8.0
167.0
238.0
3.0
37.0
507.0
32.0
49.0
4.0
5.0
78.0
8.0
43.0
73.0
82.0
89.0
10.0
124.0
100.0
2.0
269.0
189.0
47.0
2.0
12.0
70.0
8.0
70.0
6.0
8.0
80.0
4.0
78.0
470.0
199.0
2.0
202.0
4.0
10.0
28.0
2.0
6.0
14.0
3.0
116.0
7.0
23.0
14.0
4.0
3.0
5.0
126.0
28.0
8.0
15.0
5.0
9.0
2.0
275.0
5.0
6.0
10.0
122.0
64.0
174.0
122.0
72.0
12.0
7.0
29.0
106.0
2.0
2.0
65.0
7.0
4.0
2.0
13.0
13.0
5.0
18.0
50.0
134.0
10.0
9.0
11.0
6.0
16.0
4.0
49.0
42.0
3.0
170.0
17.0
61.0
11.0
2.0
47.0
3.0
15.0
38.0
22.0
62.0
2.0
317.0
6.0
4.0
30.0
7.0
6.0
5.0
96.0
5.0
3.0
6.0
143.0
3.0
5.0
163.0
134.0
47.0
2.0
118.0
23.0
32.0
24.0
37.0
4.0
2.0
8.0
34.0
52.0
272.0
203.0
153.0
22.0
4.0
3.0
6.0
90.0
11.0
92.0
6.0
42.0
175.0
6.0
168.0
161.0
3.0
4.0
37.0
91.0
189.0
6.0
6.0
79.0
8.0
133.0
5.0
5.0
207.0
6.0
6.0
4.0
36.0
99.0
7.0
12.0
97.0
3.0
90.0
30.0
11.0
38.0
3.0
5.0
15.0
102.0
185.0
2.0
98.0
13.0
188.0
213.0
1.0
4.0
112.0
166.0
17.0
3.0
6.0
4.0
5.0
27.0
49.0
145.0
10.0
6.0
26.0
4.0
4.0
82.0
11.0
5.0
38.0
2.0
5.0
16.0
7.0
34.0
25.0
243.0
53.0
5.0
67.0
18.0
3.0
9.0
102.0
63.0
76.0
298.0
102.0
6.0
44.0
26.0
4.0
8.0
32.0
84.0
6.0
38.0
50.0
86.0
3.0
8.0
318.0
14.0
12.0
26.0
58.0
7.0
2.0
9.0
9.0
3.0
115.0
2.0
91.0
63.0
134.0
2.0
4.0
3.0
20.0
50.0
6.0
103.0
4.0
370.0
9.0
47.0
86.0
8.0
6.0
5.0
49.0
6.0
3.0
79.0
83.0
134.0
104.0
6.0
5.0
3.0
39.0
3.0
2.0
12.0
63.0
3.0
2.0
330.0
10.0
13.0
114.0
22.0
4.0
3.0
4.0
146.0
47.0
80.0
56.0
192.0
16.0
110.0
17.0
9.0
259.0
23.0
10.0
32.0
4.0
140.0
111.0
71.0
398.0
30.0
12.0
5.0
178.0
49.0
51.0
185.0
152.0
109.0
93.0
199.0
355.0
23.0
541.0
24.0
44.0
75.0
9.0
2.0
79.0
2.0
8.0
15.0
35.0
12.0
15.0
267.0
11.0
149.0
5.0
303.0
86.0
118.0
20.0
5.0
2.0
2.0
21.0
1.0
4.0
99.0
42.0
105.0
95.0
118.0
4.0
5.0
106.0
2.0
3.0
49.0
39.0
50.0
41.0
75.0
103.0
4.0
157.0
13.0
78.0
15.0
290.0
198.0
3.0
2.0
3.0
15.0
9.0
8.0
19.0
89.0
457.0
86.0
221.0
140.0
144.0
65.0
156.0
3.0
167.0
3.0
11.0
24.0
59.0
10.0
8.0
183.0
90.0
6.0
202.0
18.0
32.0
10.0
2.0
25.0
61.0
19.0
44.0
120.0
128.0
144.0
13.0
68.0
28.0
5.0
162.0
2.0
3.0
230.0
2.0
40.0
264.0
88.0
9.0
6.0
90.0
32.0
22.0
8.0
2.0
28.0
10.0
25.0
8.0
4.0
8.0
2.0
9.0
7.0
4.0
52.0
3.0
45.0
63.0
16.0
81.0
743.0
45.0
2.0
45.0
12.0
158.0
8.0
4.0
38.0
92.0
6.0
2.0
7.0
87.0
2.0
169.0
199.0
7.0
3.0
10.0
75.0
217.0
61.0
67.0
122.0
81.0
7.0
2.0
7.0
7.0
154.0
3.0
4.0
140.0
20.0
15.0
39.0
2.0
157.0
9.0
5.0
171.0
12.0
6.0
2.0
237.0
33.0
8.0
5.0
109.0
17.0
55.0
8.0
141.0
40.0
38.0
51.0
4.0
2.0
25.0
47.0
47.0
7.0
20.0
16.0
21.0
6.0
183.0
19.0
24.0
99.0
8.0
162.0
7.0
58.0
6.0
149.0
44.0
5.0
16.0
128.0
23.0
12.0
23.0
28.0
16.0
5.0
19.0
4.0
42.0
53.0
28.0
122.0
4.0
6.0
146.0
88.0
251.0
4.0
5.0
26.0
76.0
11.0
24.0
91.0
26.0
16.0
15.0
143.0
5.0
5.0
4.0
91.0
69.0
4.0
48.0
83.0
39.0
13.0
24.0
212.0
3.0
11.0
28.0
4.0
163.0
54.0
15.0
20.0
4.0
12.0
157.0
13.0
9.0
57.0
50.0
166.0
14.0
6.0
6.0
10.0
5.0
5.0
6.0
2.0
14.0
108.0
82.0
68.0
214.0
4.0
5.0
77.0
2.0
98.0
9.0
39.0
192.0
108.0
100.0
43.0
5.0
159.0
27.0
22.0
4.0
18.0
102.0
156.0
4.0
7.0
11.0
14.0
164.0
11.0
20.0
35.0
81.0
4.0
30.0
95.0
4.0
153.0
47.0
138.0
9.0
2.0
8.0
6.0
72.0
21.0
8.0
179.0
10.0
45.0
9.0
12.0
83.0
184.0
149.0
48.0
24.0
5.0
20.0
123.0
41.0
118.0
2.0
83.0
43.0
8.0
147.0
12.0
6.0
54.0
28.0
37.0
88.0
176.0
95.0
10.0
30.0
3.0
243.0
20.0
424.0
3.0
53.0
41.0
9.0
17.0
40.0
25.0
2.0
68.0
192.0
30.0
59.0
9.0
303.0
2.0
3.0
35.0
4.0
59.0
48.0
37.0
223.0
10.0
7.0
131.0
5.0
63.0
8.0
43.0
131.0
9.0
18.0
8.0
84.0
150.0
4.0
4.0
14.0
141.0
66.0
129.0
5.0
93.0
5.0
3.0
184.0
101.0
5.0
115.0
6.0
16.0
23.0
5.0
3.0
185.0
271.0
23.0
2.0
120.0
59.0
250.0
5.0
7.0
8.0
291.0
47.0
174.0
20.0
25.0
10.0
9.0
121.0
100.0
11.0
2.0
8.0
164.0
16.0
70.0
40.0
10.0
61.0
12.0
29.0
11.0
4.0
10.0
2.0
99.0
4.0
33.0
15.0
36.0
160.0
212.0
146.0
113.0
4.0
216.0
109.0
1.0
172.0
24.0
155.0
14.0
33.0
5.0
39.0
23.0
6.0
4.0
120.0
8.0
74.0
10.0
4.0
173.0
170.0
15.0
5.0
4.0
2.0
14.0
35.0
6.0
75.0
204.0
45.0
12.0
13.0
4.0
37.0
119.0
309.0
56.0
35.0
9.0
61.0
47.0
5.0
69.0
8.0
48.0
30.0
9.0
221.0
171.0
286.0
96.0
9.0
190.0
88.0
106.0
9.0
110.0
21.0
4.0
3.0
8.0
206.0
21.0
5.0
82.0
9.0
42.0
6.0
179.0
38.0
3.0
4.0
4.0
7.0
13.0
5.0
307.0
3.0
2.0
141.0
63.0
213.0
6.0
25.0
12.0
38.0
28.0
5.0
12.0
5.0
2.0
12.0
77.0
9.0
8.0
11.0
43.0
200.0
9.0
68.0
12.0
42.0
3.0
3.0
32.0
6.0
9.0
4.0
4.0
5.0
99.0
328.0
71.0
22.0
122.0
239.0
46.0
38.0
4.0
2.0
112.0
7.0
2.0
171.0
97.0
47.0
4.0
4.0
36.0
183.0
93.0
19.0
44.0
276.0
215.0
131.0
5.0
134.0
4.0
25.0
40.0
15.0
2.0
4.0
297.0
75.0
15.0
18.0
5.0
7.0
119.0
175.0
2.0
4.0
2.0
4.0
5.0
8.0
3.0
6.0
3.0
45.0
22.0
58.0
47.0
5.0
61.0
3.0
5.0
95.0
134.0
12.0
14.0
9.0
8.0
86.0
9.0
102.0
9.0
44.0
3.0
133.0
6.0
7.0
46.0
32.0
2.0
5.0
12.0
162.0
12.0
9.0
181.0
2.0
18.0
5.0
144.0
280.0
19.0
3.0
5.0
7.0
18.0
102.0
5.0
13.0
10.0
32.0
5.0
13.0
11.0
4.0
7.0
7.0
96.0
361.0
5.0
17.0
60.0
2.0
4.0
117.0
37.0
197.0
43.0
89.0
9.0
5.0
6.0
14.0
33.0
46.0
31.0
5.0
79.0
6.0
94.0
5.0
14.0
192.0
6.0
32.0
6.0
74.0
91.0
40.0
5.0
11.0
9.0
11.0
249.0
16.0
17.0
36.0
104.0
3.0
6.0
24.0
9.0
11.0
2.0
385.0
6.0
5.0
149.0
124.0
10.0
6.0
2.0
37.0
3.0
31.0
46.0
131.0
23.0
10.0
4.0
98.0
6.0
234.0
9.0
2.0
8.0
30.0
110.0
101.0
25.0
298.0
135.0
2.0
2.0
7.0
167.0
8.0
5.0
13.0
73.0
4.0
60.0
55.0
5.0
259.0
2.0
5.0
17.0
32.0
53.0
193.0
17.0
5.0
24.0
9.0
95.0
2.0
17.0
5.0
214.0
39.0
13.0
81.0
138.0
6.0
37.0
38.0
65.0
127.0
30.0
9.0
6.0
12.0
32.0
48.0
8.0
5.0
23.0
25.0
54.0
8.0
49.0
38.0
5.0
62.0
28.0
61.0
4.0
281.0
24.0
419.0
8.0
47.0
5.0
7.0
21.0
3.0
5.0
164.0
2.0
33.0
17.0
11.0
5.0
3.0
52.0
26.0
205.0
107.0
9.0
33.0
98.0
62.0
185.0
40.0
351.0
11.0
5.0
2.0
93.0
83.0
237.0
5.0
254.0
105.0
82.0
27.0
2.0
159.0
7.0
85.0
3.0
6.0
140.0
5.0
10.0
67.0
40.0
55.0
222.0
4.0
5.0
228.0
325.0
39.0
96.0
8.0
8.0
2.0
14.0
165.0
4.0
272.0
4.0
14.0
24.0
152.0
5.0
40.0
6.0
98.0
129.0
2.0
23.0
77.0
62.0
65.0
17.0
46.0
100.0
45.0
105.0
10.0
50.0
13.0
146.0
68.0
5.0
280.0
2.0
15.0
65.0
20.0
8.0
51.0
14.0
98.0
82.0
7.0
204.0
142.0
252.0
84.0
9.0
5.0
118.0
26.0
29.0
55.0
132.0
245.0
23.0
160.0
44.0
57.0
24.0
131.0
15.0
36.0
8.0
93.0
452.0
4.0
29.0
109.0
19.0
5.0
11.0
4.0
143.0
10.0
3.0
42.0
19.0
201.0
179.0
280.0
136.0
182.0
260.0
10.0
185.0
2.0
2.0
51.0
3.0
58.0
2.0
70.0
65.0
99.0
20.0
2.0
46.0
2.0
87.0
3.0
3.0
81.0
6.0
66.0
19.0
92.0
403.0
98.0
12.0
8.0
206.0
98.0
112.0
160.0
38.0
218.0
3.0
12.0
2.0
3.0
10.0
21.0
90.0
57.0
1.0
47.0
169.0
58.0
10.0
3.0
26.0
15.0
162.0
2.0
2.0
83.0
105.0
14.0
80.0
2.0
50.0
6.0
22.0
99.0
7.0
35.0
12.0
21.0
4.0
270.0
59.0
276.0
6.0
27.0
187.0
29.0
125.0
5.0
170.0
86.0
3.0
5.0
2.0
58.0
141.0
12.0
2.0
2.0
15.0
22.0
8.0
168.0
199.0
102.0
55.0
2.0
69.0
51.0
9.0
7.0
3.0
8.0
6.0
160.0
16.0
9.0
150.0
3.0
6.0
19.0
54.0
2.0
8.0
10.0
17.0
3.0
20.0
38.0
16.0
9.0
178.0
41.0
76.0
5.0
5.0
6.0
3.0
31.0
56.0
108.0
33.0
39.0
125.0
10.0
88.0
204.0
6.0
26.0
49.0
4.0
57.0
62.0
2.0
5.0
50.0
5.0
22.0
84.0
6.0
55.0
3.0
98.0
3.0
5.0
74.0
39.0
127.0
568.0
10.0
159.0
122.0
126.0
42.0
135.0
51.0
5.0
35.0
3.0
3.0
2.0
49.0
102.0
39.0
72.0
10.0
181.0
12.0
24.0
7.0
4.0
2.0
6.0
3.0
9.0
49.0
292.0
19.0
44.0
64.0
3.0
66.0
7.0
7.0
184.0
3.0
3.0
126.0
38.0
113.0
50.0
6.0
170.0
140.0
6.0
101.0
36.0
58.0
4.0
94.0
10.0
108.0
75.0
137.0
2.0
239.0
8.0
5.0
45.0
57.0
89.0
39.0
148.0
5.0
38.0
3.0
5.0
25.0
160.0
31.0
11.0
19.0
5.0
124.0
68.0
9.0
53.0
54.0
11.0
282.0
43.0
57.0
2.0
30.0
148.0
44.0
162.0
8.0
4.0
8.0
29.0
2.0
238.0
4.0
98.0
4.0
2.0
30.0
33.0
11.0
2.0
71.0
9.0
7.0
231.0
7.0
140.0
173.0
6.0
23.0
10.0
5.0
55.0
84.0
108.0
222.0
304.0
85.0
43.0
136.0
19.0
32.0
87.0
117.0
2.0
4.0
84.0
153.0
9.0
3.0
12.0
15.0
121.0
83.0
3.0
213.0
55.0
13.0
17.0
62.0
57.0
16.0
68.0
11.0
96.0
129.0
23.0
3.0
38.0
6.0
172.0
67.0
30.0
85.0
2.0
205.0
102.0
104.0
5.0
240.0
476.0
67.0
26.0
4.0
141.0
109.0
6.0
4.0
8.0
196.0
8.0
131.0
5.0
6.0
198.0
109.0
3.0
6.0
14.0
4.0
20.0
9.0
192.0
119.0
3.0
130.0
369.0
44.0
4.0
2.0
362.0
6.0
118.0
12.0
10.0
40.0
16.0
77.0
33.0
86.0
5.0
35.0
31.0
77.0
26.0
54.0
12.0
10.0
199.0
97.0
101.0
61.0
192.0
3.0
5.0
3.0
7.0
14.0
5.0
73.0
28.0
96.0
16.0
29.0
2.0
17.0
87.0
105.0
6.0
22.0
5.0
198.0
5.0
75.0
54.0
175.0
17.0
87.0
9.0
2.0
61.0
13.0
17.0
11.0
178.0
62.0
141.0
2.0
200.0
3.0
45.0
29.0
253.0
3.0
13.0
15.0
6.0
542.0
7.0
13.0
2.0
55.0
57.0
11.0
27.0
5.0
18.0
8.0
61.0
6.0
11.0
25.0
192.0
6.0
5.0
6.0
2.0
2.0
70.0
4.0
324.0
11.0
64.0
260.0
11.0
134.0
96.0
26.0
8.0
86.0
10.0
123.0
4.0
7.0
130.0
4.0
202.0
5.0
24.0
5.0
96.0
5.0
7.0
3.0
90.0
4.0
11.0
80.0
47.0
81.0
6.0
44.0
9.0
11.0
164.0
232.0
37.0
36.0
18.0
281.0
5.0
172.0
102.0
55.0
78.0
7.0
32.0
136.0
2.0
286.0
202.0
61.0
124.0
2.0
6.0
3.0
4.0
98.0
6.0
13.0
26.0
4.0
2.0
116.0
39.0
11.0
6.0
153.0
74.0
100.0
36.0
3.0
339.0
79.0
2.0
4.0
128.0
8.0
5.0
71.0
8.0
94.0
14.0
21.0
2.0
75.0
85.0
2.0
57.0
46.0
103.0
22.0
5.0
93.0
72.0
98.0
29.0
3.0
44.0
106.0
6.0
19.0
6.0
5.0
117.0
50.0
46.0
178.0
32.0
76.0
17.0
45.0
13.0
7.0
3.0
5.0
119.0
14.0
17.0
8.0
54.0
52.0
96.0
115.0
21.0
5.0
3.0
11.0
57.0
55.0
32.0
5.0
11.0
14.0
186.0
214.0
3.0
278.0
5.0
128.0
4.0
4.0
3.0
24.0
55.0
2.0
104.0
96.0
3.0
8.0
20.0
164.0
152.0
24.0
171.0
6.0
5.0
39.0
5.0
2.0
169.0
108.0
117.0
9.0
25.0
33.0
265.0
70.0
32.0
40.0
8.0
13.0
4.0
18.0
37.0
165.0
23.0
70.0
2.0
36.0
11.0
2.0
23.0
6.0
112.0
76.0
5.0
15.0
5.0
108.0
4.0
168.0
6.0
136.0
11.0
627.0
6.0
7.0
26.0
1.0
29.0
6.0
65.0
4.0
38.0
74.0
7.0
6.0
83.0
3.0
95.0
8.0
77.0
98.0
169.0
55.0
130.0
44.0
9.0
107.0
12.0
2.0
2.0
13.0
97.0
5.0
4.0
24.0
18.0
8.0
5.0
53.0
29.0
58.0
8.0
144.0
114.0
4.0
38.0
10.0
255.0
52.0
5.0
17.0
98.0
5.0
9.0
11.0
73.0
4.0
64.0
19.0
5.0
91.0
7.0
6.0
82.0
3.0
76.0
86.0
2.0
6.0
46.0
149.0
3.0
49.0
8.0
170.0
5.0
2.0
10.0
39.0
6.0
265.0
10.0
56.0
16.0
7.0
25.0
10.0
10.0
5.0
5.0
97.0
40.0
33.0
17.0
142.0
10.0
9.0
2.0
3.0
2.0
10.0
89.0
106.0
15.0
76.0
13.0
200.0
207.0
8.0
16.0
205.0
13.0
70.0
100.0
184.0
2.0
5.0
2.0
153.0
77.0
7.0
4.0
95.0
295.0
8.0
4.0
33.0
137.0
12.0
5.0
15.0
140.0
16.0
4.0
188.0
104.0
98.0
3.0
36.0
86.0
85.0
6.0
7.0
2.0
44.0
33.0
7.0
5.0
66.0
98.0
6.0
74.0
127.0
3.0
57.0
201.0
3.0
4.0
95.0
2.0
3.0
4.0
73.0
4.0
81.0
27.0
10.0
33.0
5.0
50.0
29.0
4.0
5.0
1.0
3.0
84.0
15.0
4.0
14.0
2.0
4.0
33.0
5.0
6.0
71.0
54.0
7.0
6.0
2.0
127.0
3.0
56.0
3.0
119.0
2.0
71.0
5.0
69.0
32.0
10.0
6.0
5.0
2.0
161.0
27.0
19.0
22.0
2.0
105.0
31.0
69.0
8.0
9.0
147.0
11.0
147.0
33.0
57.0
32.0
58.0
27.0
93.0
76.0
63.0
37.0
306.0
34.0
61.0
19.0
11.0
205.0
180.0
95.0
66.0
5.0
142.0
50.0
4.0
11.0
5.0
53.0
454.0
9.0
91.0
2.0
186.0
5.0
3.0
7.0
2.0
58.0
50.0
3.0
4.0
38.0
6.0
40.0
4.0
27.0
22.0
65.0
8.0
33.0
3.0
13.0
20.0
4.0
15.0
13.0
3.0
193.0
5.0
10.0
39.0
285.0
198.0
3.0
139.0
77.0
204.0
5.0
2.0
5.0
34.0
5.0
13.0
25.0
81.0
108.0
3.0
51.0
4.0
22.0
26.0
5.0
103.0
5.0
5.0
27.0
2.0
18.0
11.0
117.0
133.0
4.0
5.0
10.0
3.0
331.0
20.0
68.0
96.0
51.0
5.0
2.0
5.0
177.0
5.0
20.0
40.0
12.0
92.0
32.0
38.0
7.0
7.0
45.0
8.0
5.0
8.0
3.0
2.0
101.0
18.0
25.0
16.0
1.0
6.0
68.0
2.0
2.0
16.0
5.0
207.0
19.0
85.0
75.0
15.0
205.0
177.0
3.0
117.0
4.0
35.0
2.0
19.0
9.0
12.0
84.0
23.0
104.0
217.0
196.0
3.0
11.0
64.0
5.0
85.0
19.0
7.0
49.0
171.0
87.0
4.0
23.0
73.0
9.0
67.0
79.0
82.0
92.0
9.0
27.0
66.0
6.0
5.0
9.0
12.0
144.0
56.0
24.0
2.0
6.0
5.0
160.0
1.0
84.0
172.0
8.0
5.0
6.0
32.0
88.0
65.0
5.0
193.0
17.0
182.0
5.0
24.0
193.0
3.0
42.0
10.0
8.0
5.0
168.0
9.0
302.0
29.0
205.0
5.0
26.0
8.0
41.0
82.0
49.0
30.0
15.0
16.0
3.0
68.0
9.0
75.0
76.0
56.0
9.0
7.0
4.0
135.0
97.0
5.0
74.0
2.0
38.0
26.0
25.0
8.0
6.0
4.0
19.0
2.0
77.0
50.0
6.0
74.0
40.0
94.0
31.0
37.0
8.0
67.0
5.0
24.0
197.0
7.0
2.0
51.0
13.0
40.0
2.0
133.0
11.0
30.0
72.0
326.0
6.0
12.0
5.0
3.0
9.0
99.0
137.0
102.0
5.0
116.0
42.0
15.0
2.0
278.0
9.0
242.0
3.0
92.0
53.0
20.0
7.0
5.0
3.0
7.0
7.0
174.0
33.0
31.0
91.0
11.0
6.0
3.0
5.0
1.0
12.0
96.0
11.0
79.0
47.0
28.0
10.0
42.0
18.0
121.0
2.0
6.0
5.0
11.0
2.0
5.0
6.0
249.0
3.0
5.0
23.0
143.0
21.0
9.0
13.0
409.0
14.0
14.0
84.0
16.0
124.0
4.0
55.0
122.0
6.0
7.0
16.0
98.0
9.0
144.0
23.0
2.0
23.0
2.0
16.0
4.0
195.0
237.0
37.0
32.0
213.0
220.0
451.0
2.0
6.0
9.0
121.0
8.0
5.0
9.0
13.0
211.0
75.0
2.0
12.0
132.0
32.0
47.0
6.0
3.0
124.0
233.0
121.0
4.0
56.0
21.0
8.0
177.0
28.0
5.0
11.0
11.0
8.0
23.0
16.0
24.0
54.0
11.0
11.0
33.0
9.0
6.0
61.0
5.0
2.0
144.0
8.0
5.0
4.0
11.0
232.0
143.0
4.0
6.0
135.0
174.0
185.0
140.0
35.0
121.0
13.0
20.0
3.0
11.0
305.0
102.0
80.0
99.0
3.0
117.0
65.0
61.0
5.0
190.0
2.0
2.0
28.0
3.0
11.0
56.0
7.0
6.0
6.0
88.0
436.0
8.0
4.0
65.0
193.0
22.0
64.0
19.0
5.0
6.0
42.0
9.0
151.0
105.0
25.0
33.0
4.0
55.0
24.0
5.0
43.0
100.0
37.0
15.0
36.0
142.0
267.0
45.0
190.0
5.0
2.0
22.0
155.0
35.0
36.0
69.0
5.0
27.0
5.0
120.0
26.0
140.0
8.0
58.0
52.0
158.0
45.0
7.0
11.0
4.0
15.0
3.0
4.0
8.0
4.0
19.0
6.0
58.0
293.0
6.0
4.0
6.0
71.0
13.0
137.0
7.0
5.0
5.0
38.0
150.0
3.0
28.0
3.0
284.0
149.0
43.0
65.0
74.0
34.0
3.0
7.0
38.0
353.0
188.0
99.0
12.0
326.0
38.0
16.0
44.0
8.0
161.0
8.0
215.0
65.0
4.0
19.0
269.0
300.0
60.0
5.0
46.0
38.0
2.0
2.0
21.0
641.0
19.0
141.0
4.0
130.0
8.0
45.0
5.0
19.0
99.0
65.0
72.0
74.0
232.0
81.0
67.0
28.0
4.0
56.0
15.0
3.0
60.0
5.0
6.0
100.0
132.0
92.0
5.0
2.0
6.0
10.0
10.0
42.0
52.0
253.0
152.0
18.0
194.0
45.0
171.0
148.0
12.0
59.0
11.0
178.0
63.0
8.0
6.0
100.0
93.0
40.0
8.0
13.0
57.0
53.0
429.0
104.0
78.0
101.0
9.0
64.0
7.0
282.0
151.0
6.0
6.0
172.0
2.0
8.0
11.0
90.0
47.0
4.0
12.0
187.0
4.0
3.0
53.0
95.0
224.0
2.0
11.0
4.0
44.0
170.0
6.0
5.0
109.0
30.0
11.0
32.0
39.0
3.0
26.0
40.0
253.0
170.0
32.0
12.0
25.0
4.0
44.0
5.0
8.0
171.0
5.0
9.0
262.0
22.0
2.0
17.0
4.0
45.0
311.0
121.0
3.0
8.0
170.0
5.0
2.0
28.0
84.0
40.0
5.0
191.0
5.0
151.0
4.0
2.0
10.0
126.0
30.0
10.0
12.0
11.0
6.0
21.0
3.0
39.0
13.0
16.0
180.0
69.0
39.0
22.0
23.0
11.0
9.0
16.0
3.0
224.0
25.0
111.0
3.0
229.0
143.0
2.0
5.0
141.0
71.0
6.0
132.0
203.0
209.0
6.0
227.0
290.0
58.0
160.0
144.0
31.0
8.0
2.0
6.0
56.0
25.0
22.0
95.0
226.0
121.0
3.0
35.0
101.0
10.0
4.0
11.0
6.0
2.0
4.0
63.0
4.0
88.0
558.0
46.0
152.0
5.0
9.0
9.0
61.0
133.0
18.0
118.0
28.0
3.0
4.0
1.0
202.0
63.0
15.0
101.0
8.0
29.0
121.0
29.0
390.0
45.0
36.0
5.0
23.0
14.0
92.0
167.0
157.0
11.0
2.0
151.0
2.0
132.0
67.0
106.0
3.0
11.0
8.0
8.0
3.0
12.0
103.0
44.0
2.0
88.0
316.0
1.0
21.0
8.0
24.0
107.0
105.0
10.0
43.0
4.0
35.0
259.0
12.0
79.0
12.0
232.0
150.0
220.0
3.0
2.0
23.0
49.0
5.0
39.0
4.0
4.0
5.0
48.0
67.0
44.0
47.0
5.0
10.0
179.0
21.0
2.0
256.0
102.0
5.0
75.0
60.0
87.0
13.0
46.0
82.0
8.0
407.0
239.0
3.0
9.0
101.0
2.0
62.0
5.0
191.0
6.0
13.0
41.0
249.0
8.0
10.0
50.0
104.0
4.0
118.0
97.0
27.0
3.0
19.0
3.0
15.0
6.0
3.0
4.0
11.0
101.0
91.0
325.0
69.0
10.0
3.0
8.0
124.0
77.0
3.0
209.0
73.0
117.0
5.0
2.0
16.0
13.0
324.0
9.0
4.0
91.0
78.0
144.0
8.0
43.0
3.0
9.0
64.0
4.0
233.0
8.0
40.0
6.0
38.0
7.0
7.0
65.0
10.0
102.0
12.0
28.0
96.0
49.0
235.0
84.0
9.0
10.0
8.0
3.0
255.0
6.0
6.0
2.0
3.0
5.0
2.0
167.0
6.0
3.0
12.0
74.0
35.0
14.0
25.0
86.0
214.0
4.0
65.0
8.0
16.0
224.0
120.0
5.0
287.0
5.0
2.0
11.0
2.0
146.0
5.0
19.0
41.0
5.0
4.0
2.0
4.0
112.0
19.0
251.0
103.0
2.0
26.0
4.0
15.0
15.0
146.0
5.0
183.0
128.0
5.0
45.0
16.0
6.0
204.0
8.0
5.0
95.0
143.0
9.0
4.0
2.0
55.0
119.0
156.0
4.0
60.0
4.0
4.0
109.0
111.0
5.0
175.0
4.0
5.0
5.0
217.0
70.0
89.0
105.0
37.0
2.0
34.0
5.0
5.0
6.0
24.0
2.0
119.0
13.0
6.0
73.0
122.0
16.0
102.0
16.0
147.0
86.0
96.0
76.0
86.0
4.0
244.0
73.0
11.0
5.0
16.0
169.0
96.0
2.0
5.0
13.0
7.0
2.0
50.0
46.0
7.0
93.0
5.0
23.0
45.0
74.0
73.0
7.0
70.0
41.0
2.0
78.0
11.0
124.0
9.0
78.0
44.0
30.0
5.0
38.0
7.0
25.0
325.0
6.0
115.0
5.0
3.0
11.0
70.0
155.0
11.0
8.0
155.0
8.0
26.0
1.0
108.0
16.0
4.0
6.0
296.0
45.0
1.0
342.0
172.0
165.0
51.0
22.0
50.0
83.0
8.0
4.0
81.0
5.0
122.0
123.0
208.0
2.0
57.0
6.0
2.0
6.0
5.0
6.0
149.0
6.0
27.0
15.0
190.0
23.0
4.0
43.0
7.0
70.0
3.0
39.0
245.0
26.0
110.0
142.0
39.0
2.0
3.0
4.0
113.0
16.0
324.0
43.0
127.0
22.0
90.0
106.0
113.0
65.0
43.0
2.0
41.0
136.0
86.0
6.0
5.0
25.0
24.0
13.0
100.0
65.0
9.0
134.0
6.0
63.0
11.0
74.0
21.0
41.0
32.0
26.0
45.0
6.0
22.0
5.0
2.0
130.0
1.0
5.0
27.0
90.0
10.0
14.0
12.0
7.0
103.0
3.0
5.0
6.0
23.0
273.0
6.0
220.0
38.0
98.0
2.0
58.0
36.0
167.0
27.0
19.0
24.0
95.0
10.0
134.0
66.0
38.0
2.0
50.0
12.0
11.0
212.0
50.0
5.0
9.0
20.0
32.0
9.0
76.0
113.0
6.0
131.0
201.0
146.0
22.0
45.0
9.0
5.0
100.0
38.0
4.0
8.0
3.0
23.0
169.0
2.0
4.0
15.0
2.0
2.0
93.0
140.0
17.0
161.0
5.0
145.0
363.0
6.0
5.0
45.0
4.0
7.0
255.0
10.0
182.0
9.0
8.0
7.0
29.0
54.0
5.0
17.0
28.0
19.0
215.0
3.0
145.0
25.0
36.0
155.0
100.0
168.0
266.0
80.0
6.0
157.0
34.0
10.0
10.0
43.0
23.0
103.0
36.0
4.0
236.0
5.0
29.0
3.0
5.0
7.0
77.0
274.0
9.0
14.0
8.0
226.0
11.0
32.0
19.0
6.0
289.0
100.0
7.0
3.0
218.0
5.0
153.0
74.0
3.0
7.0
148.0
19.0
134.0
7.0
82.0
11.0
4.0
13.0
50.0
49.0
98.0
2.0
267.0
4.0
7.0
18.0
4.0
51.0
292.0
103.0
2.0
77.0
12.0
18.0
2.0
208.0
577.0
18.0
22.0
5.0
18.0
4.0
36.0
5.0
5.0
29.0
32.0
50.0
110.0
244.0
14.0
10.0
216.0
55.0
8.0
99.0
102.0
22.0
23.0
137.0
211.0
98.0
66.0
82.0
83.0
51.0
30.0
66.0
11.0
48.0
4.0
3.0
193.0
4.0
16.0
75.0
8.0
3.0
227.0
37.0
14.0
76.0
20.0
20.0
167.0
5.0
11.0
4.0
43.0
104.0
478.0
9.0
20.0
232.0
4.0
57.0
18.0
47.0
2.0
7.0
245.0
8.0
3.0
414.0
63.0
8.0
364.0
23.0
9.0
34.0
19.0
256.0
54.0
7.0
3.0
15.0
55.0
111.0
46.0
5.0
2.0
227.0
58.0
13.0
305.0
499.0
121.0
27.0
65.0
75.0
62.0
56.0
17.0
3.0
91.0
3.0
26.0
127.0
30.0
152.0
8.0
6.0
8.0
28.0
68.0
9.0
13.0
51.0
150.0
8.0
72.0
21.0
24.0
70.0
68.0
8.0
7.0
6.0
4.0
10.0
208.0
14.0
191.0
4.0
47.0
9.0
4.0
2.0
165.0
13.0
9.0
72.0
145.0
11.0
26.0
35.0
11.0
3.0
310.0
5.0
7.0
11.0
310.0
5.0
169.0
6.0
10.0
44.0
4.0
82.0
9.0
146.0
33.0
8.0
10.0
2.0
5.0
27.0
94.0
121.0
139.0
86.0
147.0
41.0
12.0
559.0
68.0
180.0
69.0
21.0
4.0
122.0
94.0
35.0
8.0
50.0
3.0
80.0
96.0
4.0
27.0
6.0
12.0
8.0
17.0
268.0
61.0
120.0
6.0
2.0
198.0
150.0
40.0
4.0
10.0
25.0
206.0
35.0
6.0
5.0
83.0
120.0
46.0
174.0
8.0
20.0
91.0
254.0
136.0
173.0
35.0
8.0
176.0
246.0
7.0
28.0
108.0
11.0
20.0
2.0
8.0
2.0
121.0
3.0
7.0
12.0
5.0
123.0
16.0
6.0
5.0
22.0
53.0
233.0
125.0
25.0
4.0
6.0
11.0
5.0
6.0
7.0
25.0
45.0
84.0
9.0
21.0
9.0
2.0
125.0
23.0
35.0
19.0
8.0
3.0
2.0
98.0
40.0
120.0
3.0
22.0
98.0
129.0
47.0
27.0
120.0
6.0
113.0
240.0
103.0
4.0
190.0
47.0
58.0
148.0
173.0
10.0
9.0
5.0
70.0
181.0
127.0
217.0
8.0
45.0
14.0
109.0
71.0
5.0
108.0
5.0
25.0
7.0
5.0
7.0
16.0
20.0
5.0
115.0
58.0
15.0
125.0
13.0
6.0
2.0
10.0
171.0
46.0
112.0
2.0
9.0
4.0
12.0
149.0
10.0
5.0
312.0
19.0
9.0
78.0
10.0
25.0
3.0
3.0
6.0
2.0
5.0
10.0
132.0
42.0
2.0
6.0
41.0
18.0
4.0
6.0
57.0
123.0
20.0
130.0
7.0
324.0
54.0
215.0
160.0
4.0
9.0
299.0
57.0
43.0
10.0
73.0
146.0
45.0
104.0
160.0
56.0
87.0
221.0
66.0
26.0
2.0
143.0
428.0
8.0
44.0
12.0
117.0
10.0
19.0
14.0
2.0
136.0
28.0
26.0
163.0
147.0
5.0
5.0
5.0
2.0
152.0
6.0
20.0
69.0
2.0
67.0
147.0
81.0
45.0
4.0
81.0
2.0
55.0
18.0
43.0
32.0
4.0
13.0
13.0
126.0
13.0
6.0
7.0
112.0
335.0
216.0
38.0
15.0
210.0
7.0
4.0
350.0
20.0
94.0
4.0
9.0
14.0
91.0
10.0
13.0
11.0
107.0
48.0
126.0
5.0
2.0
9.0
6.0
144.0
60.0
34.0
11.0
478.0
2.0
105.0
7.0
17.0
5.0
103.0
5.0
12.0
4.0
6.0
99.0
70.0
5.0
5.0
117.0
20.0
61.0
270.0
64.0
58.0
9.0
19.0
285.0
93.0
5.0
8.0
37.0
201.0
66.0
103.0
2.0
51.0
52.0
254.0
16.0
4.0
10.0
2.0
51.0
67.0
12.0
109.0
183.0
262.0
103.0
10.0
6.0
11.0
6.0
6.0
63.0
17.0
43.0
128.0
36.0
34.0
20.0
46.0
93.0
104.0
56.0
7.0
41.0
5.0
113.0
201.0
2.0
100.0
45.0
2.0
22.0
4.0
106.0
97.0
174.0
16.0
66.0
103.0
334.0
8.0
3.0
65.0
5.0
6.0
23.0
13.0
11.0
50.0
8.0
8.0
7.0
5.0
205.0
18.0
102.0
211.0
180.0
3.0
203.0
4.0
51.0
13.0
23.0
162.0
4.0
44.0
200.0
12.0
140.0
4.0
112.0
33.0
2.0
9.0
15.0
11.0
61.0
4.0
186.0
22.0
10.0
6.0
5.0
173.0
59.0
10.0
49.0
23.0
3.0
142.0
17.0
168.0
221.0
148.0
5.0
2.0
176.0
192.0
6.0
5.0
159.0
3.0
5.0
2.0
2.0
103.0
5.0
18.0
33.0
7.0
45.0
187.0
203.0
12.0
6.0
4.0
24.0
17.0
2.0
52.0
98.0
133.0
94.0
78.0
8.0
72.0
149.0
5.0
58.0
2.0
5.0
144.0
33.0
46.0
16.0
10.0
36.0
4.0
101.0
237.0
62.0
4.0
39.0
174.0
89.0
70.0
34.0
6.0
519.0
9.0
36.0
10.0
26.0
161.0
3.0
3.0
2.0
3.0
3.0
115.0
129.0
38.0
4.0
8.0
10.0
72.0
103.0
9.0
6.0
40.0
5.0
96.0
29.0
11.0
4.0
12.0
127.0
6.0
119.0
171.0
17.0
36.0
11.0
6.0
4.0
17.0
11.0
26.0
7.0
9.0
99.0
57.0
14.0
12.0
2.0
253.0
11.0
5.0
72.0
3.0
122.0
9.0
6.0
40.0
2.0
46.0
5.0
42.0
9.0
5.0
18.0
5.0
65.0
4.0
5.0
180.0
37.0
129.0
103.0
27.0
26.0
11.0
5.0
63.0
51.0
11.0
5.0
8.0
80.0
36.0
3.0
90.0
13.0
2.0
17.0
29.0
46.0
105.0
41.0
6.0
59.0
2.0
5.0
12.0
62.0
5.0
8.0
20.0
27.0
4.0
73.0
8.0
3.0
29.0
10.0
194.0
35.0
11.0
13.0
183.0
5.0
18.0
3.0
7.0
38.0
70.0
174.0
8.0
402.0
7.0
159.0
83.0
4.0
86.0
130.0
241.0
5.0
3.0
79.0
36.0
2.0
9.0
15.0
4.0
8.0
4.0
26.0
33.0
4.0
4.0
22.0
4.0
90.0
9.0
3.0
4.0
116.0
3.0
5.0
7.0
243.0
4.0
5.0
19.0
169.0
13.0
7.0
154.0
36.0
57.0
175.0
8.0
39.0
6.0
5.0
26.0
2.0
225.0
5.0
2.0
2.0
2.0
3.0
2.0
13.0
6.0
45.0
162.0
81.0
10.0
75.0
172.0
6.0
105.0
40.0
97.0
10.0
14.0
188.0
7.0
6.0
4.0
37.0
5.0
65.0
30.0
46.0
526.0
11.0
6.0
211.0
70.0
13.0
11.0
15.0
43.0
39.0
151.0
6.0
11.0
8.0
2.0
8.0
73.0
65.0
214.0
2.0
25.0
91.0
143.0
8.0
131.0
162.0
56.0
3.0
5.0
377.0
2.0
305.0
58.0
15.0
147.0
6.0
2.0
29.0
6.0
3.0
12.0
26.0
42.0
1.0
9.0
215.0
10.0
214.0
5.0
6.0
77.0
89.0
59.0
53.0
47.0
244.0
8.0
85.0
206.0
64.0
113.0
34.0
88.0
22.0
4.0
37.0
151.0
156.0
12.0
47.0
8.0
173.0
53.0
3.0
50.0
6.0
5.0
6.0
10.0
2.0
24.0
12.0
58.0
35.0
285.0
5.0
170.0
365.0
10.0
44.0
5.0
12.0
7.0
78.0
3.0
11.0
2.0
7.0
5.0
3.0
26.0
4.0
165.0
18.0
4.0
201.0
8.0
164.0
147.0
15.0
29.0
23.0
32.0
123.0
7.0
24.0
19.0
96.0
133.0
4.0
30.0
27.0
100.0
8.0
48.0
55.0
7.0
9.0
75.0
8.0
5.0
12.0
6.0
129.0
4.0
15.0
121.0
3.0
14.0
112.0
33.0
113.0
204.0
7.0
5.0
144.0
41.0
146.0
6.0
182.0
143.0
73.0
4.0
18.0
3.0
23.0
4.0
3.0
68.0
66.0
211.0
76.0
9.0
124.0
33.0
9.0
13.0
37.0
27.0
5.0
8.0
9.0
9.0
5.0
7.0
174.0
129.0
9.0
65.0
3.0
22.0
149.0
297.0
27.0
4.0
29.0
32.0
97.0
17.0
102.0
5.0
15.0
5.0
7.0
80.0
38.0
39.0
3.0
115.0
22.0
54.0
62.0
23.0
8.0
21.0
80.0
22.0
23.0
4.0
11.0
7.0
7.0
2.0
3.0
42.0
4.0
5.0
14.0
3.0
173.0
342.0
10.0
5.0
40.0
39.0
10.0
56.0
3.0
39.0
2.0
65.0
68.0
134.0
26.0
27.0
6.0
38.0
34.0
63.0
5.0
10.0
8.0
7.0
5.0
48.0
15.0
7.0
4.0
4.0
8.0
54.0
2.0
69.0
9.0
4.0
149.0
17.0
51.0
13.0
100.0
17.0
424.0
9.0
30.0
8.0
38.0
14.0
5.0
261.0
54.0
65.0
170.0
7.0
12.0
152.0
30.0
3.0
23.0
33.0
46.0
69.0
4.0
108.0
2.0
271.0
28.0
5.0
4.0
20.0
2.0
4.0
5.0
5.0
47.0
167.0
75.0
27.0
10.0
2.0
2.0
20.0
268.0
93.0
21.0
3.0
12.0
5.0
116.0
8.0
4.0
3.0
5.0
5.0
12.0
4.0
5.0
127.0
10.0
52.0
9.0
146.0
28.0
39.0
151.0
45.0
8.0
109.0
11.0
6.0
2.0
96.0
56.0
104.0
20.0
42.0
2.0
48.0
5.0
30.0
5.0
10.0
170.0
6.0
53.0
5.0
5.0
65.0
75.0
3.0
5.0
166.0
319.0
14.0
23.0
6.0
95.0
129.0
68.0
28.0
12.0
77.0
33.0
44.0
170.0
12.0
31.0
66.0
98.0
3.0
178.0
2.0
196.0
31.0
59.0
2.0
81.0
3.0
51.0
44.0
9.0
3.0
4.0
66.0
4.0
4.0
29.0
72.0
189.0
73.0
66.0
164.0
2.0
13.0
2.0
3.0
5.0
3.0
10.0
174.0
65.0
62.0
1.0
74.0
4.0
4.0
6.0
22.0
5.0
16.0
48.0
4.0
10.0
3.0
5.0
2.0
37.0
11.0
227.0
3.0
14.0
35.0
14.0
173.0
195.0
34.0
102.0
147.0
2.0
23.0
5.0
5.0
17.0
16.0
14.0
10.0
8.0
23.0
2.0
9.0
24.0
348.0
93.0
170.0
248.0
121.0
16.0
44.0
5.0
63.0
23.0
161.0
184.0
9.0
9.0
10.0
7.0
30.0
7.0
70.0
115.0
5.0
5.0
61.0
191.0
28.0
177.0
2.0
6.0
144.0
5.0
32.0
70.0
2.0
5.0
6.0
3.0
320.0
56.0
38.0
6.0
13.0
34.0
60.0
93.0
315.0
3.0
9.0
398.0
2.0
31.0
22.0
12.0
5.0
25.0
46.0
6.0
2.0
6.0
3.0
5.0
7.0
112.0
2.0
17.0
11.0
3.0
3.0
39.0
21.0
2.0
32.0
94.0
70.0
6.0
8.0
84.0
6.0
11.0
8.0
274.0
227.0
263.0
16.0
9.0
117.0
236.0
14.0
232.0
69.0
10.0
15.0
106.0
59.0
192.0
2.0
2.0
4.0
8.0
18.0
94.0
24.0
9.0
40.0
207.0
52.0
10.0
8.0
13.0
25.0
3.0
10.0
129.0
3.0
3.0
5.0
17.0
3.0
14.0
315.0
4.0
136.0
36.0
6.0
7.0
2.0
4.0
5.0
74.0
24.0
377.0
40.0
29.0
5.0
288.0
129.0
40.0
13.0
31.0
10.0
7.0
5.0
109.0
271.0
2.0
125.0
57.0
77.0
6.0
5.0
151.0
81.0
18.0
6.0
3.0
48.0
8.0
36.0
2.0
96.0
5.0
51.0
7.0
13.0
9.0
67.0
73.0
8.0
150.0
59.0
3.0
173.0
21.0
5.0
118.0
3.0
15.0
264.0
73.0
40.0
27.0
3.0
3.0
4.0
263.0
204.0
32.0
9.0
6.0
3.0
6.0
22.0
7.0
13.0
8.0
4.0
4.0
6.0
7.0
27.0
2.0
171.0
217.0
10.0
138.0
8.0
19.0
2.0
10.0
23.0
3.0
16.0
175.0
13.0
12.0
63.0
7.0
64.0
137.0
106.0
13.0
3.0
8.0
182.0
227.0
38.0
35.0
120.0
4.0
6.0
5.0
22.0
215.0
16.0
16.0
34.0
14.0
16.0
3.0
3.0
76.0
4.0
15.0
9.0
77.0
24.0
84.0
51.0
198.0
6.0
29.0
12.0
20.0
30.0
4.0
35.0
24.0
71.0
149.0
13.0
8.0
94.0
8.0
39.0
4.0
177.0
207.0
173.0
17.0
9.0
46.0
8.0
66.0
86.0
8.0
4.0
37.0
11.0
6.0
7.0
75.0
4.0
9.0
10.0
121.0
19.0
2.0
11.0
44.0
8.0
24.0
85.0
18.0
13.0
5.0
87.0
69.0
108.0
7.0
5.0
87.0
123.0
3.0
441.0
3.0
21.0
34.0
3.0
102.0
49.0
23.0
14.0
77.0
218.0
4.0
58.0
205.0
43.0
31.0
269.0
125.0
15.0
4.0
77.0
11.0
25.0
36.0
5.0
28.0
230.0
2.0
105.0
35.0
2.0
61.0
5.0
90.0
5.0
215.0
3.0
25.0
101.0
6.0
129.0
79.0
57.0
5.0
2.0
23.0
16.0
5.0
5.0
8.0
5.0
48.0
31.0
3.0
6.0
168.0
281.0
7.0
102.0
67.0
342.0
121.0
8.0
3.0
11.0
2.0
2.0
73.0
10.0
31.0
2.0
5.0
4.0
26.0
5.0
2.0
63.0
7.0
48.0
636.0
12.0
139.0
7.0
17.0
18.0
115.0
44.0
5.0
294.0
117.0
85.0
78.0
2.0
58.0
26.0
5.0
10.0
66.0
2.0
102.0
55.0
28.0
17.0
11.0
5.0
243.0
35.0
2.0
9.0
4.0
32.0
150.0
186.0
5.0
43.0
7.0
100.0
143.0
105.0
18.0
25.0
3.0
8.0
5.0
4.0
123.0
11.0
76.0
166.0
133.0
73.0
46.0
139.0
98.0
39.0
12.0
64.0
5.0
44.0
7.0
346.0
2.0
16.0
6.0
99.0
8.0
174.0
18.0
4.0
4.0
3.0
137.0
3.0
4.0
5.0
4.0
11.0
48.0
23.0
9.0
135.0
108.0
81.0
101.0
254.0
11.0
4.0
27.0
13.0
2.0
34.0
127.0
106.0
475.0
5.0
7.0
3.0
18.0
33.0
27.0
328.0
30.0
3.0
2.0
8.0
2.0
6.0
8.0
216.0
13.0
32.0
4.0
8.0
233.0
178.0
8.0
5.0
57.0
38.0
140.0
312.0
3.0
8.0
110.0
2.0
4.0
6.0
98.0
18.0
38.0
147.0
156.0
175.0
9.0
34.0
11.0
68.0
172.0
2.0
7.0
44.0
208.0
6.0
18.0
5.0
13.0
77.0
15.0
12.0
12.0
64.0
96.0
106.0
4.0
2.0
3.0
11.0
307.0
2.0
207.0
6.0
67.0
28.0
8.0
76.0
100.0
245.0
2.0
6.0
54.0
11.0
5.0
11.0
72.0
528.0
18.0
4.0
2.0
76.0
48.0
8.0
104.0
5.0
5.0
19.0
13.0
7.0
11.0
26.0
38.0
175.0
141.0
98.0
4.0
3.0
193.0
11.0
56.0
62.0
61.0
108.0
30.0
7.0
13.0
7.0
138.0
4.0
5.0
68.0
96.0
25.0
44.0
14.0
2.0
36.0
10.0
56.0
9.0
8.0
81.0
65.0
3.0
31.0
1.0
172.0
5.0
5.0
16.0
9.0
9.0
6.0
5.0
8.0
100.0
9.0
26.0
73.0
4.0
5.0
313.0
410.0
32.0
5.0
4.0
128.0
34.0
67.0
28.0
83.0
61.0
35.0
40.0
13.0
2.0
101.0
9.0
65.0
2.0
3.0
24.0
17.0
1.0
100.0
178.0
41.0
10.0
47.0
35.0
67.0
3.0
199.0
4.0
7.0
38.0
5.0
78.0
245.0
9.0
33.0
6.0
53.0
37.0
151.0
177.0
2.0
10.0
63.0
5.0
7.0
223.0
43.0
21.0
4.0
11.0
8.0
8.0
17.0
72.0
4.0
52.0
44.0
43.0
6.0
24.0
35.0
99.0
4.0
3.0
89.0
121.0
10.0
12.0
266.0
5.0
66.0
68.0
134.0
40.0
222.0
149.0
5.0
75.0
15.0
5.0
54.0
12.0
12.0
5.0
5.0
11.0
9.0
116.0
2.0
8.0
10.0
37.0
324.0
79.0
3.0
4.0
75.0
13.0
12.0
50.0
64.0
8.0
96.0
346.0
8.0
19.0
27.0
56.0
95.0
55.0
34.0
2.0
6.0
63.0
283.0
60.0
16.0
96.0
12.0
8.0
128.0
5.0
30.0
86.0
75.0
5.0
72.0
41.0
31.0
12.0
28.0
81.0
54.0
49.0
16.0
15.0
2.0
36.0
40.0
274.0
159.0
15.0
16.0
53.0
5.0
124.0
12.0
42.0
61.0
5.0
10.0
11.0
27.0
6.0
89.0
3.0
4.0
295.0
9.0
175.0
83.0
204.0
4.0
2.0
28.0
10.0
9.0
6.0
9.0
272.0
5.0
128.0
164.0
73.0
114.0
5.0
69.0
43.0
3.0
97.0
4.0
13.0
6.0
6.0
61.0
9.0
109.0
55.0
366.0
6.0
7.0
129.0
202.0
24.0
55.0
3.0
3.0
12.0
82.0
10.0
43.0
81.0
2.0
98.0
2.0
7.0
6.0
7.0
7.0
81.0
4.0
40.0
25.0
9.0
142.0
3.0
11.0
5.0
75.0
26.0
2.0
12.0
6.0
11.0
79.0
168.0
4.0
100.0
43.0
21.0
13.0
52.0
3.0
671.0
260.0
2.0
143.0
39.0
180.0
4.0
93.0
3.0
58.0
16.0
4.0
2.0
61.0
4.0
5.0
21.0
7.0
68.0
9.0
18.0
4.0
187.0
99.0
27.0
26.0
27.0
5.0
149.0
6.0
5.0
17.0
9.0
21.0
9.0
9.0
9.0
9.0
283.0
2.0
8.0
47.0
5.0
6.0
67.0
2.0
122.0
101.0
6.0
48.0
26.0
85.0
101.0
9.0
51.0
7.0
3.0
129.0
4.0
5.0
15.0
4.0
43.0
2.0
64.0
2.0
26.0
2.0
11.0
28.0
7.0
3.0
9.0
204.0
79.0
4.0
5.0
8.0
13.0
5.0
54.0
2.0
65.0
50.0
5.0
57.0
48.0
20.0
5.0
8.0
4.0
101.0
19.0
29.0
8.0
98.0
2.0
52.0
18.0
1.0
138.0
11.0
2.0
70.0
2.0
35.0
36.0
165.0
268.0
14.0
4.0
8.0
115.0
119.0
6.0
23.0
4.0
3.0
193.0
4.0
9.0
67.0
236.0
8.0
16.0
2.0
269.0
106.0
5.0
5.0
164.0
35.0
5.0
13.0
5.0
10.0
3.0
9.0
79.0
9.0
23.0
13.0
7.0
138.0
101.0
12.0
7.0
64.0
106.0
3.0
64.0
20.0
182.0
8.0
6.0
102.0
136.0
127.0
160.0
280.0
176.0
54.0
18.0
88.0
72.0
178.0
122.0
9.0
6.0
70.0
67.0
106.0
114.0
13.0
22.0
2.0
110.0
19.0
11.0
51.0
41.0
34.0
35.0
3.0
12.0
9.0
72.0
20.0
53.0
45.0
5.0
61.0
5.0
47.0
134.0
13.0
7.0
97.0
152.0
74.0
5.0
390.0
4.0
5.0
6.0
5.0
2.0
140.0
71.0
94.0
246.0
163.0
4.0
41.0
8.0
2.0
6.0
156.0
6.0
246.0
86.0
162.0
5.0
253.0
143.0
254.0
64.0
144.0
127.0
8.0
2.0
9.0
23.0
101.0
2.0
122.0
8.0
257.0
4.0
72.0
111.0
136.0
2.0
6.0
18.0
361.0
61.0
40.0
160.0
77.0
8.0
36.0
149.0
9.0
9.0
78.0
7.0
27.0
10.0
11.0
59.0
16.0
99.0
14.0
12.0
30.0
3.0
171.0
114.0
9.0
9.0
73.0
85.0
111.0
11.0
222.0
17.0
2.0
17.0
43.0
172.0
8.0
5.0
24.0
15.0
32.0
2.0
4.0
4.0
249.0
117.0
145.0
2.0
12.0
60.0
4.0
442.0
4.0
35.0
36.0
18.0
86.0
51.0
20.0
6.0
18.0
36.0
131.0
20.0
44.0
87.0
50.0
48.0
31.0
5.0
77.0
135.0
126.0
45.0
32.0
148.0
5.0
16.0
53.0
272.0
127.0
17.0
15.0
7.0
28.0
4.0
18.0
5.0
122.0
155.0
5.0
261.0
8.0
109.0
3.0
5.0
288.0
36.0
204.0
38.0
121.0
61.0
2.0
2.0
4.0
3.0
126.0
2.0
8.0
1.0
209.0
20.0
7.0
273.0
42.0
220.0
142.0
66.0
10.0
85.0
238.0
129.0
5.0
4.0
41.0
72.0
2.0
231.0
154.0
3.0
27.0
80.0
26.0
212.0
7.0
10.0
102.0
38.0
14.0
42.0
23.0
3.0
253.0
54.0
8.0
184.0
9.0
10.0
52.0
151.0
5.0
6.0
45.0
24.0
34.0
4.0
54.0
76.0
6.0
162.0
69.0
43.0
87.0
3.0
30.0
10.0
5.0
59.0
199.0
285.0
107.0
147.0
64.0
14.0
24.0
213.0
2.0
241.0
47.0
2.0
159.0
203.0
32.0
62.0
13.0
6.0
94.0
66.0
92.0
2.0
7.0
111.0
18.0
9.0
3.0
5.0
168.0
4.0
5.0
28.0
535.0
263.0
8.0
28.0
33.0
28.0
2.0
32.0
2.0
13.0
7.0
5.0
47.0
273.0
179.0
49.0
3.0
9.0
102.0
173.0
41.0
127.0
22.0
130.0
313.0
46.0
8.0
365.0
3.0
86.0
2.0
177.0
168.0
97.0
76.0
3.0
4.0
13.0
1.0
119.0
9.0
143.0
2.0
13.0
2.0
53.0
99.0
265.0
7.0
249.0
18.0
43.0
3.0
4.0
72.0
30.0
8.0
142.0
2.0
13.0
5.0
5.0
5.0
216.0
2.0
223.0
34.0
74.0
55.0
39.0
39.0
4.0
35.0
10.0
4.0
3.0
5.0
195.0
151.0
217.0
69.0
8.0
297.0
99.0
10.0
5.0
2.0
206.0
114.0
4.0
5.0
7.0
38.0
130.0
114.0
4.0
11.0
7.0
44.0
64.0
29.0
9.0
245.0
167.0
45.0
19.0
123.0
28.0
3.0
2.0
45.0
9.0
35.0
309.0
24.0
6.0
285.0
8.0
138.0
31.0
2.0
4.0
130.0
7.0
5.0
54.0
72.0
5.0
5.0
16.0
6.0
153.0
15.0
32.0
464.0
5.0
45.0
108.0
4.0
148.0
8.0
6.0
1.0
102.0
131.0
41.0
34.0
95.0
35.0
9.0
76.0
3.0
2.0
2.0
589.0
3.0
105.0
6.0
5.0
79.0
4.0
253.0
49.0
8.0
156.0
5.0
24.0
244.0
3.0
251.0
4.0
44.0
80.0
6.0
4.0
170.0
6.0
26.0
29.0
17.0
93.0
4.0
34.0
4.0
37.0
3.0
11.0
5.0
170.0
7.0
4.0
6.0
109.0
7.0
34.0
2.0
39.0
10.0
5.0
87.0
9.0
74.0
6.0
204.0
6.0
7.0
5.0
9.0
23.0
192.0
18.0
11.0
285.0
4.0
119.0
7.0
44.0
42.0
26.0
66.0
2.0
13.0
114.0
10.0
37.0
8.0
3.0
53.0
6.0
4.0
14.0
27.0
5.0
9.0
5.0
246.0
4.0
100.0
4.0
3.0
38.0
47.0
11.0
154.0
8.0
5.0
71.0
9.0
54.0
22.0
103.0
47.0
12.0
57.0
95.0
3.0
10.0
424.0
45.0
8.0
87.0
3.0
25.0
27.0
8.0
153.0
84.0
197.0
18.0
292.0
219.0
10.0
153.0
38.0
71.0
13.0
6.0
258.0
104.0
5.0
4.0
70.0
100.0
106.0
440.0
4.0
53.0
25.0
102.0
18.0
172.0
17.0
3.0
11.0
7.0
237.0
128.0
5.0
5.0
49.0
6.0
308.0
5.0
164.0
24.0
4.0
5.0
3.0
27.0
5.0
4.0
102.0
2.0
10.0
11.0
5.0
83.0
92.0
6.0
3.0
19.0
232.0
221.0
199.0
89.0
22.0
55.0
8.0
6.0
35.0
14.0
14.0
116.0
166.0
3.0
403.0
174.0
8.0
43.0
86.0
2.0
12.0
91.0
9.0
60.0
5.0
5.0
381.0
7.0
18.0
2.0
5.0
4.0
33.0
13.0
8.0
146.0
8.0
8.0
3.0
30.0
5.0
36.0
5.0
7.0
36.0
148.0
29.0
9.0
11.0
27.0
6.0
78.0
2.0
44.0
130.0
15.0
306.0
4.0
4.0
10.0
8.0
277.0
105.0
59.0
5.0
6.0
120.0
195.0
99.0
289.0
104.0
10.0
7.0
68.0
27.0
14.0
105.0
6.0
45.0
10.0
32.0
196.0
28.0
41.0
35.0
6.0
4.0
4.0
3.0
409.0
315.0
2.0
4.0
8.0
130.0
3.0
4.0
91.0
9.0
2.0
41.0
47.0
99.0
4.0
27.0
2.0
10.0
52.0
17.0
17.0
19.0
6.0
2.0
140.0
6.0
59.0
72.0
90.0
59.0
8.0
5.0
144.0
7.0
5.0
160.0
5.0
278.0
57.0
5.0
22.0
388.0
16.0
52.0
2.0
10.0
10.0
10.0
54.0
42.0
263.0
376.0
8.0
128.0
8.0
3.0
7.0
130.0
60.0
7.0
153.0
8.0
5.0
5.0
17.0
3.0
116.0
162.0
81.0
2.0
4.0
36.0
181.0
7.0
28.0
7.0
9.0
11.0
6.0
8.0
5.0
3.0
102.0
54.0
32.0
132.0
5.0
97.0
6.0
3.0
6.0
5.0
118.0
6.0
172.0
15.0
50.0
17.0
21.0
28.0
3.0
237.0
10.0
2.0
9.0
3.0
58.0
100.0
47.0
179.0
116.0
7.0
6.0
30.0
9.0
220.0
32.0
34.0
152.0
5.0
9.0
107.0
6.0
9.0
4.0
7.0
11.0
106.0
2.0
12.0
505.0
240.0
11.0
30.0
14.0
168.0
3.0
161.0
8.0
4.0
188.0
44.0
9.0
236.0
12.0
10.0
10.0
66.0
8.0
7.0
344.0
24.0
92.0
2.0
187.0
46.0
144.0
95.0
12.0
38.0
39.0
32.0
10.0
5.0
20.0
70.0
122.0
15.0
10.0
11.0
43.0
158.0
28.0
59.0
96.0
104.0
41.0
5.0
53.0
9.0
86.0
2.0
40.0
8.0
8.0
12.0
24.0
5.0
4.0
103.0
17.0
87.0
5.0
2.0
17.0
45.0
17.0
49.0
210.0
65.0
13.0
4.0
282.0
248.0
3.0
40.0
49.0
72.0
5.0
17.0
5.0
4.0
56.0
64.0
77.0
4.0
182.0
3.0
12.0
4.0
151.0
219.0
40.0
4.0
6.0
11.0
9.0
3.0
17.0
110.0
14.0
5.0
5.0
209.0
103.0
54.0
12.0
3.0
1.0
132.0
39.0
13.0
173.0
35.0
5.0
7.0
153.0
85.0
