21.0
380.0
64.0
256.0
123.0
34.0
43.0
137.0
22.0
430.0
102.0
22.0
37.0
52.0
93.0
92.0
90.0
117.0
177.0
41.0
142.0
30.0
30.0
42.0
204.0
66.0
35.0
35.0
99.0
87.0
48.0
272.0
62.0
36.0
146.0
58.0
123.0
42.0
56.0
9.0
46.0
33.0
234.0
94.0
189.0
53.0
71.0
71.0
336.0
49.0
194.0
212.0
115.0
62.0
225.0
159.0
39.0
36.0
81.0
113.0
105.0
106.0
101.0
177.0
69.0
154.0
83.0
214.0
141.0
47.0
135.0
392.0
18.0
182.0
64.0
20.0
301.0
164.0
40.0
82.0
100.0
118.0
370.0
67.0
32.0
30.0
102.0
13.0
109.0
35.0
138.0
212.0
74.0
62.0
81.0
84.0
172.0
148.0
21.0
262.0
56.0
31.0
204.0
100.0
55.0
255.0
138.0
153.0
70.0
54.0
61.0
316.0
27.0
68.0
264.0
232.0
178.0
31.0
231.0
160.0
328.0
125.0
68.0
60.0
36.0
162.0
118.0
52.0
234.0
265.0
153.0
200.0
64.0
58.0
248.0
54.0
145.0
77.0
69.0
92.0
102.0
176.0
36.0
90.0
120.0
36.0
166.0
56.0
89.0
62.0
141.0
162.0
80.0
23.0
41.0
127.0
285.0
118.0
77.0
345.0
78.0
20.0
173.0
60.0
394.0
26.0
49.0
277.0
113.0
16.0
111.0
82.0
44.0
36.0
37.0
164.0
32.0
113.0
73.0
57.0
71.0
31.0
260.0
20.0
37.0
45.0
41.0
134.0
157.0
86.0
57.0
84.0
160.0
129.0
58.0
311.0
93.0
29.0
76.0
58.0
192.0
201.0
70.0
22.0
164.0
52.0
305.0
57.0
116.0
74.0
62.0
34.0
57.0
82.0
75.0
127.0
109.0
163.0
171.0
120.0
45.0
209.0
52.0
240.0
66.0
33.0
222.0
168.0
177.0
160.0
79.0
561.0
105.0
71.0
101.0
176.0
75.0
16.0
93.0
88.0
45.0
19.0
71.0
99.0
108.0
155.0
79.0
245.0
92.0
183.0
101.0
198.0
22.0
156.0
86.0
92.0
70.0
32.0
81.0
103.0
39.0
83.0
220.0
63.0
54.0
61.0
178.0
55.0
335.0
23.0
39.0
117.0
87.0
152.0
305.0
42.0
179.0
89.0
25.0
89.0
199.0
135.0
100.0
68.0
61.0
195.0
61.0
128.0
161.0
62.0
13.0
61.0
47.0
68.0
47.0
327.0
108.0
67.0
69.0
36.0
14.0
107.0
71.0
59.0
81.0
98.0
90.0
136.0
55.0
27.0
230.0
169.0
41.0
28.0
53.0
108.0
63.0
43.0
237.0
162.0
42.0
97.0
132.0
21.0
63.0
19.0
156.0
91.0
123.0
167.0
64.0
88.0
385.0
86.0
36.0
73.0
166.0
83.0
34.0
98.0
64.0
167.0
139.0
44.0
69.0
67.0
21.0
38.0
56.0
51.0
409.0
27.0
159.0
178.0
43.0
121.0
122.0
40.0
38.0
190.0
134.0
70.0
110.0
21.0
151.0
348.0
119.0
21.0
209.0
100.0
130.0
114.0
195.0
56.0
68.0
208.0
24.0
109.0
194.0
222.0
211.0
132.0
44.0
76.0
170.0
196.0
188.0
54.0
402.0
168.0
153.0
23.0
38.0
108.0
130.0
208.0
147.0
105.0
62.0
65.0
67.0
114.0
143.0
17.0
102.0
303.0
161.0
112.0
102.0
145.0
54.0
90.0
24.0
117.0
309.0
51.0
14.0
209.0
88.0
110.0
90.0
203.0
329.0
123.0
34.0
58.0
145.0
90.0
148.0
31.0
41.0
54.0
53.0
54.0
113.0
45.0
40.0
120.0
162.0
19.0
130.0
147.0
92.0
34.0
80.0
137.0
94.0
69.0
77.0
127.0
208.0
98.0
35.0
43.0
150.0
71.0
61.0
154.0
44.0
48.0
139.0
37.0
257.0
30.0
11.0
37.0
178.0
37.0
16.0
189.0
387.0
211.0
225.0
38.0
233.0
60.0
18.0
85.0
103.0
107.0
177.0
42.0
151.0
35.0
169.0
129.0
134.0
223.0
110.0
35.0
95.0
118.0
223.0
74.0
40.0
42.0
113.0
265.0
42.0
140.0
217.0
49.0
43.0
153.0
102.0
279.0
60.0
52.0
18.0
163.0
43.0
45.0
195.0
58.0
66.0
21.0
143.0
58.0
64.0
20.0
124.0
57.0
166.0
60.0
137.0
191.0
151.0
177.0
60.0
47.0
88.0
45.0
158.0
233.0
22.0
58.0
154.0
106.0
23.0
216.0
231.0
133.0
120.0
71.0
34.0
83.0
61.0
110.0
200.0
72.0
178.0
103.0
101.0
82.0
53.0
99.0
40.0
49.0
194.0
49.0
200.0
49.0
138.0
53.0
199.0
192.0
81.0
238.0
131.0
42.0
72.0
277.0
46.0
174.0
309.0
64.0
153.0
50.0
419.0
511.0
80.0
93.0
268.0
24.0
70.0
25.0
174.0
100.0
86.0
34.0
49.0
137.0
193.0
58.0
23.0
155.0
239.0
49.0
162.0
95.0
130.0
113.0
59.0
20.0
379.0
237.0
55.0
107.0
93.0
84.0
124.0
87.0
108.0
106.0
81.0
49.0
42.0
200.0
149.0
70.0
238.0
43.0
47.0
51.0
24.0
213.0
59.0
105.0
56.0
22.0
69.0
251.0
55.0
49.0
192.0
172.0
45.0
139.0
31.0
139.0
39.0
28.0
122.0
122.0
121.0
231.0
401.0
93.0
107.0
46.0
41.0
79.0
99.0
68.0
144.0
191.0
211.0
229.0
71.0
133.0
99.0
60.0
27.0
129.0
141.0
27.0
100.0
163.0
26.0
47.0
214.0
38.0
35.0
122.0
92.0
136.0
88.0
239.0
100.0
35.0
64.0
356.0
207.0
41.0
29.0
18.0
129.0
269.0
50.0
88.0
12.0
19.0
125.0
415.0
75.0
44.0
14.0
179.0
58.0
41.0
169.0
25.0
73.0
57.0
97.0
125.0
54.0
106.0
276.0
46.0
44.0
17.0
73.0
339.0
37.0
44.0
35.0
99.0
149.0
39.0
102.0
95.0
148.0
144.0
67.0
100.0
235.0
336.0
33.0
81.0
466.0
528.0
75.0
368.0
175.0
105.0
18.0
30.0
57.0
64.0
35.0
172.0
42.0
27.0
44.0
41.0
41.0
138.0
210.0
159.0
118.0
76.0
86.0
69.0
43.0
92.0
289.0
100.0
86.0
166.0
133.0
70.0
71.0
47.0
135.0
35.0
83.0
106.0
54.0
59.0
140.0
65.0
44.0
152.0
109.0
117.0
51.0
81.0
233.0
22.0
77.0
130.0
79.0
159.0
26.0
54.0
51.0
98.0
61.0
78.0
22.0
38.0
57.0
138.0
272.0
77.0
280.0
208.0
83.0
113.0
152.0
259.0
70.0
210.0
78.0
52.0
195.0
32.0
24.0
187.0
126.0
57.0
359.0
149.0
133.0
42.0
87.0
261.0
124.0
172.0
157.0
223.0
251.0
103.0
91.0
16.0
78.0
43.0
93.0
106.0
158.0
31.0
176.0
270.0
112.0
109.0
22.0
31.0
129.0
224.0
86.0
47.0
56.0
64.0
158.0
115.0
265.0
74.0
30.0
113.0
75.0
95.0
73.0
191.0
23.0
121.0
68.0
109.0
221.0
111.0
26.0
192.0
361.0
125.0
69.0
70.0
33.0
421.0
51.0
169.0
68.0
21.0
385.0
20.0
105.0
79.0
40.0
88.0
48.0
72.0
18.0
167.0
224.0
194.0
330.0
165.0
58.0
27.0
113.0
109.0
301.0
34.0
410.0
59.0
74.0
66.0
100.0
106.0
98.0
200.0
160.0
134.0
94.0
29.0
305.0
71.0
166.0
123.0
48.0
35.0
212.0
296.0
133.0
26.0
57.0
249.0
58.0
46.0
367.0
66.0
219.0
33.0
187.0
204.0
42.0
412.0
251.0
35.0
95.0
33.0
328.0
128.0
55.0
72.0
32.0
195.0
54.0
273.0
340.0
89.0
47.0
178.0
101.0
138.0
43.0
138.0
90.0
30.0
88.0
48.0
203.0
36.0
134.0
127.0
53.0
96.0
124.0
75.0
64.0
28.0
24.0
79.0
212.0
295.0
79.0
150.0
87.0
81.0
31.0
103.0
144.0
135.0
46.0
45.0
103.0
46.0
209.0
23.0
107.0
118.0
95.0
166.0
44.0
131.0
127.0
68.0
178.0
205.0
41.0
80.0
159.0
109.0
205.0
89.0
137.0
180.0
14.0
25.0
47.0
84.0
298.0
79.0
77.0
348.0
189.0
76.0
45.0
312.0
108.0
89.0
35.0
180.0
291.0
172.0
54.0
108.0
296.0
33.0
34.0
33.0
62.0
30.0
129.0
57.0
75.0
61.0
68.0
260.0
127.0
47.0
51.0
34.0
130.0
173.0
180.0
62.0
407.0
43.0
166.0
24.0
39.0
53.0
97.0
109.0
100.0
288.0
100.0
39.0
39.0
29.0
76.0
88.0
70.0
137.0
39.0
40.0
101.0
27.0
293.0
113.0
229.0
80.0
14.0
132.0
43.0
18.0
57.0
203.0
31.0
77.0
25.0
107.0
217.0
82.0
227.0
60.0
211.0
119.0
167.0
140.0
42.0
72.0
180.0
36.0
64.0
73.0
89.0
68.0
138.0
241.0
24.0
56.0
238.0
122.0
59.0
56.0
347.0
122.0
181.0
150.0
52.0
54.0
137.0
73.0
31.0
61.0
193.0
134.0
192.0
43.0
55.0
390.0
40.0
89.0
85.0
178.0
48.0
74.0
95.0
61.0
396.0
83.0
52.0
58.0
187.0
148.0
191.0
136.0
138.0
54.0
186.0
219.0
59.0
60.0
114.0
112.0
52.0
59.0
57.0
175.0
215.0
197.0
115.0
109.0
316.0
141.0
48.0
75.0
227.0
121.0
126.0
105.0
65.0
301.0
193.0
174.0
29.0
49.0
92.0
104.0
178.0
61.0
90.0
180.0
124.0
35.0
113.0
72.0
187.0
62.0
38.0
49.0
126.0
76.0
117.0
46.0
194.0
106.0
205.0
55.0
148.0
276.0
140.0
56.0
185.0
15.0
177.0
47.0
298.0
195.0
158.0
94.0
82.0
197.0
100.0
151.0
53.0
355.0
37.0
96.0
58.0
109.0
115.0
133.0
25.0
19.0
29.0
114.0
161.0
62.0
164.0
65.0
70.0
125.0
95.0
220.0
23.0
29.0
49.0
268.0
96.0
39.0
38.0
64.0
99.0
63.0
309.0
53.0
117.0
116.0
215.0
65.0
202.0
104.0
126.0
55.0
253.0
75.0
151.0
517.0
55.0
98.0
93.0
68.0
95.0
218.0
286.0
15.0
95.0
31.0
204.0
93.0
64.0
77.0
85.0
81.0
25.0
48.0
124.0
100.0
56.0
56.0
202.0
44.0
62.0
53.0
28.0
278.0
135.0
134.0
115.0
141.0
71.0
252.0
190.0
184.0
24.0
241.0
78.0
61.0
93.0
167.0
36.0
108.0
70.0
159.0
126.0
56.0
411.0
36.0
148.0
51.0
68.0
305.0
222.0
86.0
49.0
132.0
63.0
53.0
26.0
94.0
195.0
74.0
314.0
91.0
143.0
65.0
170.0
153.0
101.0
518.0
14.0
340.0
125.0
464.0
20.0
155.0
154.0
258.0
67.0
121.0
31.0
335.0
360.0
116.0
54.0
255.0
191.0
37.0
500.0
74.0
45.0
115.0
57.0
111.0
224.0
94.0
80.0
241.0
234.0
110.0
94.0
185.0
62.0
85.0
49.0
82.0
115.0
293.0
34.0
91.0
221.0
81.0
102.0
124.0
69.0
197.0
194.0
91.0
61.0
35.0
33.0
24.0
82.0
17.0
79.0
156.0
50.0
46.0
20.0
157.0
78.0
43.0
131.0
122.0
52.0
161.0
179.0
35.0
95.0
164.0
147.0
212.0
86.0
16.0
60.0
64.0
290.0
110.0
35.0
290.0
22.0
113.0
269.0
71.0
71.0
261.0
52.0
36.0
106.0
41.0
85.0
76.0
69.0
61.0
142.0
143.0
304.0
77.0
140.0
35.0
22.0
65.0
27.0
46.0
73.0
51.0
86.0
190.0
41.0
25.0
39.0
221.0
77.0
23.0
72.0
117.0
85.0
149.0
56.0
116.0
78.0
59.0
33.0
31.0
131.0
41.0
249.0
40.0
331.0
202.0
287.0
187.0
50.0
37.0
138.0
62.0
56.0
49.0
55.0
93.0
158.0
249.0
306.0
71.0
468.0
279.0
96.0
243.0
288.0
72.0
154.0
247.0
193.0
138.0
56.0
106.0
43.0
30.0
58.0
114.0
39.0
161.0
66.0
77.0
20.0
224.0
160.0
45.0
246.0
130.0
78.0
62.0
139.0
41.0
191.0
74.0
175.0
51.0
17.0
19.0
69.0
24.0
115.0
25.0
122.0
114.0
521.0
112.0
150.0
203.0
53.0
162.0
114.0
341.0
280.0
96.0
99.0
100.0
46.0
145.0
267.0
31.0
20.0
28.0
129.0
54.0
279.0
249.0
93.0
28.0
108.0
123.0
39.0
144.0
42.0
61.0
81.0
82.0
123.0
57.0
110.0
92.0
65.0
317.0
167.0
144.0
41.0
15.0
58.0
136.0
226.0
223.0
87.0
353.0
227.0
43.0
259.0
106.0
207.0
194.0
86.0
111.0
227.0
67.0
45.0
102.0
95.0
174.0
91.0
92.0
129.0
138.0
67.0
123.0
68.0
186.0
278.0
168.0
98.0
37.0
58.0
319.0
162.0
143.0
175.0
136.0
118.0
291.0
122.0
351.0
98.0
60.0
17.0
159.0
446.0
236.0
46.0
11.0
56.0
220.0
61.0
156.0
63.0
103.0
48.0
77.0
106.0
248.0
76.0
162.0
54.0
77.0
115.0
115.0
158.0
184.0
44.0
115.0
428.0
18.0
26.0
107.0
26.0
71.0
114.0
37.0
38.0
56.0
143.0
236.0
64.0
51.0
277.0
105.0
156.0
92.0
68.0
20.0
35.0
72.0
127.0
115.0
158.0
52.0
59.0
82.0
189.0
321.0
136.0
395.0
87.0
394.0
29.0
391.0
145.0
186.0
25.0
170.0
128.0
149.0
92.0
12.0
154.0
174.0
183.0
78.0
160.0
159.0
187.0
132.0
76.0
123.0
33.0
93.0
59.0
40.0
257.0
110.0
42.0
22.0
63.0
106.0
87.0
22.0
101.0
29.0
110.0
76.0
174.0
45.0
41.0
119.0
42.0
55.0
73.0
12.0
175.0
128.0
139.0
323.0
146.0
189.0
100.0
159.0
95.0
62.0
46.0
77.0
218.0
134.0
199.0
54.0
61.0
268.0
54.0
71.0
98.0
128.0
124.0
176.0
132.0
430.0
101.0
92.0
212.0
48.0
109.0
160.0
420.0
24.0
23.0
33.0
77.0
113.0
124.0
54.0
149.0
241.0
124.0
62.0
52.0
219.0
74.0
92.0
44.0
46.0
115.0
98.0
138.0
46.0
112.0
43.0
53.0
262.0
24.0
115.0
32.0
59.0
10.0
84.0
59.0
90.0
142.0
20.0
46.0
37.0
63.0
69.0
66.0
67.0
94.0
240.0
147.0
150.0
94.0
26.0
20.0
22.0
153.0
222.0
115.0
296.0
86.0
51.0
154.0
183.0
85.0
70.0
250.0
28.0
108.0
172.0
113.0
29.0
43.0
111.0
51.0
187.0
53.0
118.0
236.0
115.0
14.0
103.0
43.0
50.0
77.0
218.0
40.0
94.0
156.0
202.0
56.0
121.0
80.0
85.0
98.0
191.0
129.0
118.0
142.0
39.0
43.0
95.0
317.0
104.0
257.0
212.0
276.0
11.0
189.0
120.0
35.0
43.0
76.0
348.0
337.0
285.0
200.0
48.0
48.0
170.0
40.0
82.0
87.0
132.0
244.0
191.0
93.0
98.0
58.0
96.0
152.0
256.0
190.0
96.0
322.0
129.0
228.0
75.0
15.0
43.0
18.0
46.0
148.0
197.0
177.0
137.0
126.0
110.0
78.0
65.0
123.0
33.0
339.0
143.0
92.0
187.0
99.0
61.0
223.0
108.0
34.0
86.0
97.0
131.0
217.0
260.0
169.0
95.0
115.0
50.0
48.0
173.0
76.0
56.0
62.0
133.0
171.0
214.0
182.0
24.0
46.0
45.0
59.0
276.0
33.0
153.0
17.0
54.0
214.0
88.0
90.0
87.0
27.0
91.0
196.0
31.0
158.0
388.0
197.0
104.0
69.0
146.0
16.0
120.0
86.0
79.0
64.0
61.0
59.0
152.0
230.0
136.0
50.0
119.0
60.0
38.0
29.0
232.0
37.0
96.0
82.0
55.0
302.0
453.0
102.0
228.0
28.0
75.0
51.0
94.0
185.0
12.0
58.0
44.0
157.0
55.0
310.0
110.0
139.0
69.0
51.0
191.0
44.0
17.0
227.0
79.0
132.0
69.0
52.0
55.0
130.0
49.0
56.0
15.0
45.0
87.0
107.0
42.0
39.0
267.0
28.0
186.0
35.0
219.0
84.0
269.0
93.0
95.0
160.0
255.0
109.0
74.0
80.0
94.0
46.0
106.0
265.0
225.0
20.0
15.0
27.0
45.0
65.0
220.0
114.0
126.0
112.0
50.0
45.0
63.0
54.0
244.0
81.0
95.0
20.0
81.0
334.0
321.0
75.0
34.0
50.0
54.0
70.0
506.0
33.0
28.0
51.0
54.0
24.0
85.0
348.0
381.0
92.0
461.0
179.0
69.0
28.0
257.0
74.0
185.0
52.0
177.0
48.0
253.0
146.0
112.0
44.0
290.0
204.0
327.0
46.0
36.0
105.0
91.0
228.0
157.0
164.0
38.0
79.0
22.0
109.0
83.0
137.0
163.0
91.0
339.0
71.0
29.0
127.0
305.0
327.0
317.0
57.0
61.0
73.0
91.0
38.0
117.0
60.0
301.0
304.0
100.0
59.0
260.0
61.0
113.0
12.0
151.0
81.0
70.0
40.0
50.0
255.0
43.0
55.0
185.0
247.0
258.0
22.0
88.0
129.0
104.0
219.0
55.0
35.0
83.0
194.0
36.0
112.0
47.0
88.0
185.0
21.0
134.0
24.0
88.0
114.0
215.0
37.0
50.0
192.0
241.0
228.0
122.0
157.0
438.0
136.0
25.0
60.0
116.0
17.0
397.0
61.0
192.0
55.0
73.0
236.0
43.0
177.0
223.0
49.0
114.0
313.0
244.0
173.0
125.0
22.0
66.0
212.0
195.0
19.0
229.0
65.0
22.0
301.0
32.0
45.0
133.0
302.0
204.0
68.0
20.0
356.0
45.0
137.0
142.0
33.0
137.0
163.0
213.0
61.0
26.0
111.0
51.0
120.0
62.0
42.0
232.0
93.0
74.0
125.0
25.0
53.0
386.0
54.0
45.0
39.0
98.0
150.0
58.0
30.0
185.0
103.0
140.0
159.0
77.0
36.0
306.0
71.0
160.0
174.0
140.0
843.0
61.0
226.0
77.0
239.0
109.0
112.0
85.0
123.0
12.0
157.0
173.0
245.0
46.0
229.0
248.0
46.0
103.0
58.0
106.0
142.0
101.0
208.0
135.0
57.0
53.0
55.0
427.0
31.0
126.0
24.0
20.0
111.0
122.0
81.0
132.0
179.0
35.0
32.0
170.0
49.0
37.0
62.0
56.0
60.0
53.0
321.0
262.0
267.0
107.0
141.0
135.0
185.0
344.0
14.0
22.0
85.0
64.0
87.0
34.0
55.0
37.0
165.0
62.0
90.0
337.0
86.0
183.0
59.0
31.0
73.0
50.0
86.0
84.0
52.0
67.0
89.0
86.0
323.0
181.0
186.0
231.0
346.0
119.0
81.0
225.0
33.0
82.0
269.0
50.0
24.0
196.0
256.0
24.0
114.0
100.0
26.0
42.0
36.0
281.0
232.0
404.0
73.0
228.0
202.0
34.0
108.0
139.0
513.0
15.0
148.0
117.0
50.0
52.0
301.0
30.0
83.0
36.0
300.0
95.0
236.0
93.0
417.0
47.0
172.0
88.0
392.0
98.0
73.0
218.0
26.0
33.0
122.0
47.0
33.0
210.0
88.0
36.0
115.0
93.0
55.0
69.0
113.0
190.0
74.0
156.0
339.0
59.0
114.0
501.0
78.0
112.0
64.0
261.0
113.0
122.0
250.0
37.0
42.0
87.0
155.0
51.0
66.0
68.0
416.0
203.0
73.0
15.0
82.0
23.0
45.0
37.0
76.0
87.0
106.0
86.0
39.0
87.0
153.0
175.0
172.0
22.0
266.0
92.0
435.0
183.0
28.0
43.0
53.0
115.0
67.0
200.0
300.0
31.0
42.0
54.0
119.0
61.0
37.0
347.0
186.0
158.0
171.0
125.0
72.0
54.0
123.0
161.0
107.0
29.0
16.0
153.0
25.0
278.0
184.0
200.0
119.0
24.0
126.0
89.0
64.0
112.0
301.0
108.0
27.0
136.0
124.0
69.0
25.0
33.0
498.0
209.0
148.0
30.0
26.0
365.0
172.0
105.0
37.0
82.0
111.0
117.0
216.0
205.0
167.0
142.0
351.0
48.0
117.0
76.0
236.0
163.0
294.0
38.0
30.0
76.0
203.0
78.0
138.0
18.0
96.0
43.0
145.0
112.0
20.0
129.0
66.0
241.0
42.0
11.0
28.0
41.0
18.0
28.0
102.0
52.0
651.0
64.0
81.0
317.0
73.0
33.0
66.0
37.0
270.0
257.0
57.0
138.0
86.0
77.0
53.0
270.0
85.0
19.0
130.0
68.0
49.0
71.0
16.0
70.0
70.0
71.0
185.0
29.0
317.0
137.0
31.0
19.0
173.0
23.0
111.0
254.0
88.0
18.0
210.0
116.0
63.0
83.0
109.0
117.0
56.0
46.0
48.0
118.0
195.0
183.0
37.0
178.0
55.0
46.0
33.0
25.0
153.0
258.0
48.0
167.0
45.0
251.0
353.0
261.0
167.0
88.0
169.0
90.0
152.0
139.0
49.0
75.0
181.0
80.0
117.0
15.0
41.0
68.0
24.0
58.0
132.0
38.0
54.0
42.0
73.0
83.0
107.0
180.0
43.0
40.0
78.0
16.0
30.0
229.0
39.0
35.0
47.0
105.0
165.0
117.0
79.0
237.0
64.0
47.0
37.0
42.0
69.0
56.0
273.0
15.0
39.0
99.0
45.0
235.0
331.0
87.0
14.0
61.0
63.0
186.0
50.0
106.0
67.0
304.0
205.0
47.0
120.0
23.0
33.0
368.0
82.0
83.0
19.0
30.0
215.0
196.0
74.0
47.0
96.0
53.0
72.0
140.0
113.0
136.0
69.0
20.0
83.0
19.0
153.0
104.0
27.0
25.0
19.0
246.0
47.0
161.0
292.0
438.0
43.0
292.0
175.0
79.0
82.0
197.0
32.0
55.0
191.0
48.0
266.0
128.0
37.0
194.0
112.0
116.0
57.0
62.0
70.0
63.0
67.0
351.0
273.0
406.0
31.0
11.0
90.0
260.0
32.0
57.0
195.0
77.0
23.0
121.0
77.0
68.0
160.0
81.0
181.0
59.0
51.0
75.0
94.0
183.0
86.0
61.0
145.0
126.0
46.0
69.0
203.0
216.0
34.0
38.0
89.0
43.0
63.0
57.0
104.0
116.0
225.0
80.0
86.0
111.0
76.0
126.0
354.0
33.0
174.0
92.0
37.0
49.0
440.0
34.0
243.0
33.0
105.0
32.0
92.0
92.0
17.0
156.0
25.0
129.0
117.0
184.0
112.0
78.0
63.0
30.0
34.0
213.0
269.0
272.0
77.0
14.0
100.0
78.0
98.0
184.0
31.0
153.0
45.0
116.0
50.0
297.0
579.0
227.0
21.0
79.0
108.0
293.0
35.0
80.0
67.0
187.0
26.0
228.0
158.0
217.0
55.0
34.0
111.0
91.0
32.0
172.0
34.0
44.0
176.0
53.0
146.0
37.0
119.0
138.0
71.0
106.0
175.0
138.0
181.0
48.0
99.0
248.0
79.0
88.0
66.0
85.0
143.0
30.0
65.0
100.0
390.0
588.0
135.0
32.0
110.0
188.0
80.0
268.0
72.0
91.0
108.0
52.0
40.0
183.0
29.0
63.0
104.0
272.0
129.0
128.0
163.0
146.0
82.0
141.0
527.0
122.0
75.0
167.0
45.0
22.0
78.0
152.0
112.0
133.0
162.0
181.0
44.0
301.0
77.0
54.0
298.0
138.0
143.0
105.0
105.0
77.0
104.0
87.0
188.0
212.0
12.0
216.0
132.0
159.0
147.0
38.0
74.0
143.0
29.0
38.0
26.0
75.0
53.0
313.0
172.0
94.0
131.0
32.0
122.0
228.0
89.0
77.0
21.0
121.0
40.0
39.0
37.0
127.0
63.0
22.0
89.0
84.0
27.0
91.0
49.0
103.0
19.0
115.0
132.0
215.0
59.0
127.0
40.0
97.0
146.0
19.0
416.0
47.0
54.0
52.0
150.0
95.0
55.0
146.0
45.0
53.0
69.0
422.0
41.0
161.0
310.0
120.0
103.0
342.0
254.0
81.0
106.0
104.0
108.0
112.0
46.0
248.0
53.0
21.0
251.0
49.0
69.0
42.0
38.0
57.0
60.0
59.0
46.0
36.0
475.0
102.0
43.0
284.0
46.0
32.0
50.0
190.0
121.0
15.0
293.0
134.0
463.0
49.0
118.0
221.0
257.0
52.0
111.0
177.0
146.0
106.0
165.0
22.0
369.0
94.0
118.0
16.0
77.0
83.0
46.0
107.0
78.0
39.0
235.0
20.0
355.0
28.0
185.0
206.0
18.0
144.0
45.0
75.0
138.0
18.0
50.0
22.0
57.0
131.0
18.0
99.0
43.0
21.0
68.0
116.0
144.0
164.0
39.0
17.0
89.0
130.0
66.0
210.0
116.0
133.0
37.0
67.0
282.0
106.0
156.0
190.0
40.0
109.0
481.0
42.0
258.0
60.0
105.0
35.0
276.0
62.0
97.0
132.0
141.0
158.0
26.0
133.0
134.0
34.0
189.0
173.0
131.0
68.0
142.0
315.0
229.0
37.0
95.0
49.0
248.0
68.0
69.0
143.0
49.0
210.0
54.0
72.0
187.0
91.0
166.0
34.0
178.0
36.0
83.0
90.0
21.0
45.0
62.0
64.0
216.0
51.0
66.0
19.0
111.0
47.0
234.0
317.0
127.0
97.0
458.0
158.0
131.0
33.0
22.0
28.0
75.0
269.0
69.0
44.0
169.0
61.0
69.0
191.0
72.0
116.0
78.0
15.0
11.0
34.0
13.0
125.0
334.0
17.0
138.0
23.0
70.0
35.0
154.0
73.0
56.0
60.0
72.0
99.0
87.0
65.0
91.0
379.0
108.0
111.0
28.0
209.0
104.0
84.0
61.0
16.0
167.0
43.0
118.0
50.0
204.0
194.0
76.0
31.0
240.0
135.0
37.0
204.0
117.0
36.0
107.0
215.0
63.0
151.0
80.0
115.0
703.0
40.0
75.0
27.0
220.0
78.0
125.0
15.0
171.0
106.0
13.0
80.0
97.0
167.0
16.0
47.0
220.0
33.0
494.0
142.0
71.0
125.0
14.0
164.0
26.0
127.0
153.0
53.0
114.0
47.0
37.0
449.0
59.0
145.0
143.0
55.0
69.0
112.0
124.0
42.0
19.0
67.0
23.0
231.0
78.0
22.0
223.0
43.0
125.0
60.0
79.0
62.0
75.0
107.0
368.0
69.0
351.0
142.0
48.0
41.0
321.0
248.0
105.0
101.0
38.0
186.0
230.0
347.0
293.0
75.0
20.0
37.0
26.0
35.0
20.0
126.0
116.0
75.0
26.0
29.0
48.0
73.0
64.0
32.0
192.0
59.0
70.0
434.0
172.0
46.0
114.0
144.0
278.0
71.0
46.0
46.0
70.0
116.0
46.0
66.0
279.0
132.0
346.0
113.0
19.0
40.0
86.0
102.0
85.0
145.0
39.0
97.0
31.0
60.0
62.0
74.0
51.0
100.0
245.0
112.0
102.0
91.0
118.0
59.0
375.0
146.0
37.0
193.0
18.0
114.0
90.0
157.0
65.0
42.0
34.0
33.0
145.0
130.0
119.0
67.0
42.0
52.0
20.0
40.0
41.0
52.0
25.0
27.0
82.0
179.0
107.0
30.0
73.0
304.0
25.0
171.0
45.0
108.0
140.0
90.0
167.0
141.0
102.0
98.0
67.0
55.0
60.0
54.0
72.0
45.0
68.0
25.0
306.0
41.0
26.0
236.0
82.0
73.0
118.0
89.0
28.0
29.0
183.0
154.0
332.0
257.0
215.0
35.0
121.0
240.0
299.0
207.0
104.0
243.0
160.0
144.0
44.0
211.0
71.0
44.0
47.0
143.0
165.0
25.0
127.0
37.0
61.0
68.0
40.0
298.0
42.0
151.0
294.0
231.0
322.0
26.0
201.0
53.0
124.0
14.0
166.0
391.0
87.0
73.0
57.0
45.0
108.0
104.0
143.0
166.0
84.0
112.0
292.0
40.0
53.0
150.0
93.0
36.0
47.0
89.0
228.0
29.0
70.0
45.0
121.0
180.0
208.0
85.0
114.0
60.0
36.0
116.0
151.0
125.0
72.0
15.0
109.0
118.0
34.0
118.0
243.0
289.0
208.0
60.0
109.0
172.0
172.0
245.0
92.0
88.0
87.0
22.0
26.0
244.0
147.0
131.0
86.0
58.0
113.0
19.0
168.0
78.0
73.0
83.0
9.0
34.0
68.0
18.0
139.0
60.0
80.0
71.0
53.0
204.0
249.0
271.0
234.0
131.0
151.0
39.0
180.0
105.0
23.0
37.0
59.0
198.0
102.0
84.0
81.0
72.0
49.0
335.0
134.0
23.0
160.0
32.0
146.0
78.0
118.0
442.0
46.0
76.0
86.0
161.0
198.0
119.0
123.0
32.0
84.0
32.0
28.0
110.0
52.0
84.0
86.0
73.0
33.0
100.0
139.0
48.0
126.0
90.0
34.0
82.0
230.0
217.0
64.0
121.0
15.0
115.0
84.0
72.0
91.0
29.0
431.0
164.0
280.0
27.0
34.0
24.0
30.0
75.0
178.0
133.0
263.0
44.0
86.0
82.0
133.0
61.0
28.0
30.0
25.0
173.0
35.0
58.0
96.0
460.0
96.0
298.0
54.0
397.0
120.0
70.0
142.0
30.0
45.0
203.0
83.0
139.0
353.0
78.0
61.0
41.0
59.0
142.0
130.0
65.0
25.0
59.0
157.0
18.0
92.0
35.0
63.0
420.0
15.0
106.0
210.0
198.0
64.0
32.0
169.0
37.0
52.0
162.0
39.0
51.0
79.0
245.0
144.0
69.0
64.0
32.0
108.0
208.0
50.0
192.0
58.0
251.0
233.0
31.0
181.0
98.0
242.0
30.0
63.0
98.0
345.0
77.0
55.0
148.0
184.0
59.0
82.0
51.0
248.0
74.0
140.0
68.0
92.0
199.0
153.0
40.0
120.0
86.0
21.0
131.0
49.0
66.0
24.0
90.0
77.0
208.0
65.0
113.0
32.0
131.0
227.0
167.0
105.0
77.0
106.0
135.0
88.0
25.0
121.0
122.0
363.0
60.0
113.0
227.0
67.0
241.0
221.0
49.0
37.0
132.0
64.0
39.0
116.0
89.0
36.0
88.0
201.0
168.0
267.0
98.0
249.0
229.0
258.0
63.0
183.0
84.0
30.0
83.0
144.0
329.0
253.0
269.0
26.0
188.0
116.0
158.0
58.0
51.0
211.0
50.0
287.0
278.0
108.0
183.0
86.0
89.0
189.0
140.0
94.0
261.0
98.0
97.0
61.0
45.0
100.0
255.0
157.0
74.0
145.0
114.0
13.0
104.0
13.0
124.0
34.0
268.0
331.0
31.0
32.0
142.0
81.0
33.0
97.0
518.0
230.0
85.0
219.0
50.0
301.0
106.0
66.0
117.0
77.0
102.0
24.0
138.0
131.0
98.0
297.0
139.0
52.0
262.0
30.0
36.0
22.0
83.0
65.0
137.0
183.0
173.0
92.0
39.0
150.0
77.0
91.0
90.0
57.0
41.0
18.0
36.0
108.0
266.0
218.0
22.0
216.0
274.0
173.0
26.0
152.0
22.0
40.0
41.0
55.0
19.0
70.0
37.0
245.0
26.0
35.0
298.0
42.0
197.0
48.0
304.0
132.0
180.0
392.0
173.0
121.0
111.0
37.0
22.0
48.0
83.0
78.0
128.0
69.0
37.0
151.0
117.0
44.0
23.0
104.0
40.0
27.0
71.0
59.0
38.0
16.0
33.0
355.0
55.0
154.0
156.0
71.0
185.0
38.0
78.0
98.0
37.0
32.0
43.0
235.0
27.0
61.0
42.0
231.0
134.0
389.0
312.0
59.0
56.0
184.0
174.0
54.0
70.0
60.0
67.0
24.0
40.0
242.0
91.0
27.0
72.0
130.0
23.0
84.0
73.0
124.0
57.0
28.0
198.0
216.0
69.0
39.0
299.0
170.0
91.0
16.0
62.0
82.0
98.0
118.0
171.0
37.0
38.0
79.0
124.0
115.0
86.0
54.0
153.0
135.0
178.0
49.0
127.0
48.0
42.0
123.0
34.0
42.0
183.0
171.0
56.0
76.0
324.0
161.0
111.0
55.0
60.0
76.0
36.0
112.0
54.0
293.0
161.0
167.0
97.0
333.0
257.0
219.0
54.0
71.0
99.0
98.0
183.0
64.0
39.0
222.0
23.0
23.0
218.0
92.0
127.0
302.0
12.0
47.0
136.0
96.0
47.0
7.0
22.0
319.0
137.0
91.0
53.0
76.0
45.0
37.0
64.0
209.0
189.0
97.0
136.0
42.0
13.0
126.0
101.0
110.0
39.0
123.0
53.0
337.0
192.0
55.0
229.0
231.0
65.0
197.0
222.0
153.0
145.0
67.0
30.0
43.0
36.0
28.0
247.0
79.0
33.0
214.0
104.0
168.0
87.0
167.0
101.0
42.0
150.0
58.0
29.0
26.0
102.0
62.0
126.0
110.0
209.0
186.0
69.0
206.0
76.0
65.0
34.0
121.0
119.0
94.0
171.0
270.0
168.0
234.0
212.0
23.0
18.0
300.0
195.0
90.0
66.0
57.0
33.0
70.0
99.0
83.0
193.0
35.0
33.0
89.0
100.0
399.0
19.0
48.0
54.0
409.0
128.0
20.0
38.0
49.0
61.0
48.0
75.0
106.0
50.0
120.0
45.0
29.0
214.0
82.0
87.0
35.0
443.0
42.0
162.0
155.0
66.0
87.0
37.0
88.0
67.0
52.0
72.0
30.0
81.0
60.0
127.0
166.0
96.0
329.0
235.0
27.0
76.0
94.0
222.0
189.0
110.0
62.0
76.0
92.0
26.0
83.0
89.0
64.0
30.0
138.0
57.0
210.0
239.0
126.0
35.0
86.0
118.0
32.0
344.0
21.0
111.0
141.0
118.0
156.0
134.0
48.0
144.0
226.0
191.0
46.0
69.0
356.0
117.0
108.0
133.0
19.0
58.0
25.0
78.0
44.0
55.0
44.0
58.0
166.0
32.0
39.0
13.0
51.0
100.0
155.0
110.0
43.0
33.0
83.0
39.0
72.0
84.0
152.0
241.0
447.0
105.0
39.0
50.0
166.0
132.0
91.0
87.0
15.0
75.0
39.0
48.0
55.0
163.0
173.0
47.0
177.0
110.0
61.0
228.0
285.0
29.0
61.0
85.0
29.0
165.0
343.0
35.0
141.0
81.0
140.0
583.0
127.0
213.0
121.0
64.0
67.0
67.0
182.0
70.0
81.0
315.0
103.0
170.0
92.0
29.0
281.0
17.0
100.0
194.0
29.0
92.0
142.0
138.0
34.0
63.0
62.0
165.0
46.0
51.0
188.0
463.0
79.0
35.0
159.0
280.0
218.0
139.0
353.0
109.0
151.0
327.0
165.0
144.0
190.0
112.0
159.0
367.0
77.0
32.0
154.0
123.0
61.0
82.0
31.0
83.0
37.0
20.0
121.0
23.0
23.0
9.0
92.0
134.0
33.0
62.0
199.0
69.0
201.0
71.0
279.0
167.0
23.0
358.0
61.0
119.0
161.0
63.0
134.0
122.0
61.0
103.0
247.0
57.0
208.0
99.0
51.0
167.0
13.0
29.0
118.0
105.0
154.0
95.0
155.0
266.0
160.0
118.0
218.0
27.0
271.0
346.0
163.0
115.0
67.0
224.0
164.0
84.0
64.0
499.0
168.0
125.0
115.0
179.0
91.0
329.0
39.0
134.0
254.0
107.0
121.0
274.0
109.0
48.0
140.0
103.0
17.0
95.0
34.0
136.0
48.0
50.0
96.0
62.0
30.0
224.0
91.0
168.0
161.0
217.0
111.0
169.0
35.0
136.0
115.0
148.0
219.0
135.0
117.0
98.0
37.0
107.0
54.0
152.0
39.0
110.0
50.0
143.0
80.0
71.0
35.0
206.0
81.0
275.0
112.0
137.0
294.0
399.0
190.0
66.0
23.0
138.0
46.0
194.0
49.0
242.0
129.0
95.0
207.0
140.0
173.0
36.0
43.0
73.0
154.0
28.0
95.0
152.0
61.0
137.0
120.0
141.0
112.0
89.0
136.0
94.0
176.0
40.0
164.0
94.0
60.0
248.0
291.0
124.0
54.0
68.0
358.0
92.0
24.0
214.0
54.0
116.0
88.0
69.0
51.0
62.0
112.0
75.0
64.0
204.0
142.0
85.0
42.0
29.0
161.0
182.0
245.0
103.0
30.0
110.0
56.0
36.0
98.0
106.0
117.0
57.0
98.0
64.0
31.0
100.0
125.0
91.0
128.0
70.0
81.0
22.0
153.0
209.0
297.0
35.0
110.0
96.0
148.0
76.0
120.0
22.0
38.0
134.0
59.0
91.0
536.0
32.0
45.0
49.0
36.0
14.0
54.0
53.0
78.0
222.0
94.0
196.0
124.0
63.0
107.0
34.0
91.0
272.0
29.0
409.0
327.0
21.0
48.0
177.0
84.0
43.0
146.0
85.0
197.0
184.0
122.0
283.0
123.0
145.0
183.0
106.0
63.0
34.0
53.0
121.0
36.0
38.0
290.0
22.0
186.0
67.0
17.0
24.0
113.0
46.0
231.0
30.0
125.0
146.0
42.0
186.0
24.0
92.0
161.0
109.0
87.0
17.0
364.0
102.0
35.0
217.0
58.0
62.0
27.0
80.0
14.0
273.0
217.0
296.0
50.0
30.0
24.0
72.0
180.0
51.0
45.0
81.0
45.0
205.0
35.0
22.0
54.0
68.0
138.0
285.0
84.0
24.0
30.0
82.0
244.0
122.0
234.0
42.0
147.0
35.0
31.0
169.0
152.0
328.0
101.0
87.0
84.0
73.0
114.0
63.0
90.0
30.0
109.0
127.0
158.0
198.0
123.0
123.0
40.0
47.0
120.0
62.0
98.0
78.0
145.0
54.0
111.0
176.0
40.0
207.0
137.0
34.0
220.0
107.0
97.0
223.0
204.0
600.0
15.0
280.0
127.0
158.0
283.0
55.0
209.0
235.0
161.0
25.0
396.0
35.0
88.0
58.0
27.0
35.0
53.0
64.0
32.0
33.0
78.0
29.0
175.0
238.0
49.0
42.0
90.0
72.0
29.0
89.0
69.0
61.0
59.0
343.0
22.0
24.0
26.0
99.0
322.0
175.0
54.0
260.0
38.0
324.0
45.0
331.0
88.0
48.0
46.0
120.0
206.0
20.0
180.0
61.0
173.0
74.0
64.0
157.0
417.0
120.0
80.0
51.0
164.0
226.0
81.0
113.0
66.0
238.0
386.0
80.0
60.0
47.0
181.0
42.0
31.0
43.0
57.0
110.0
38.0
68.0
42.0
38.0
107.0
53.0
95.0
116.0
225.0
56.0
273.0
662.0
57.0
139.0
28.0
152.0
30.0
176.0
64.0
69.0
82.0
41.0
42.0
27.0
35.0
116.0
113.0
47.0
149.0
32.0
173.0
124.0
40.0
22.0
62.0
85.0
144.0
133.0
185.0
95.0
83.0
128.0
53.0
180.0
123.0
211.0
60.0
33.0
114.0
195.0
50.0
88.0
45.0
272.0
132.0
272.0
305.0
39.0
29.0
306.0
138.0
56.0
90.0
91.0
410.0
37.0
111.0
185.0
12.0
107.0
113.0
81.0
723.0
22.0
87.0
18.0
168.0
159.0
102.0
90.0
66.0
152.0
230.0
63.0
105.0
20.0
204.0
279.0
170.0
77.0
160.0
41.0
56.0
28.0
117.0
68.0
53.0
25.0
64.0
66.0
119.0
68.0
12.0
51.0
115.0
84.0
57.0
24.0
41.0
69.0
173.0
73.0
113.0
15.0
27.0
47.0
181.0
235.0
49.0
212.0
156.0
74.0
170.0
25.0
144.0
115.0
25.0
81.0
84.0
72.0
163.0
69.0
40.0
121.0
47.0
154.0
225.0
44.0
95.0
81.0
57.0
142.0
76.0
189.0
33.0
208.0
30.0
220.0
285.0
133.0
557.0
70.0
10.0
112.0
234.0
133.0
84.0
110.0
32.0
41.0
183.0
92.0
157.0
169.0
17.0
32.0
94.0
24.0
155.0
28.0
34.0
80.0
90.0
263.0
31.0
484.0
477.0
30.0
72.0
146.0
73.0
36.0
191.0
118.0
86.0
64.0
252.0
112.0
214.0
91.0
114.0
73.0
266.0
76.0
364.0
150.0
308.0
39.0
39.0
34.0
66.0
76.0
52.0
231.0
46.0
89.0
400.0
222.0
79.0
209.0
471.0
340.0
58.0
320.0
50.0
122.0
215.0
149.0
240.0
73.0
108.0
36.0
76.0
100.0
28.0
73.0
99.0
219.0
138.0
70.0
52.0
40.0
130.0
33.0
23.0
256.0
73.0
57.0
221.0
30.0
10.0
101.0
78.0
77.0
26.0
63.0
97.0
134.0
123.0
79.0
95.0
60.0
145.0
58.0
73.0
82.0
19.0
77.0
248.0
52.0
111.0
140.0
200.0
163.0
43.0
222.0
145.0
214.0
98.0
82.0
43.0
66.0
58.0
55.0
47.0
101.0
66.0
183.0
32.0
168.0
91.0
101.0
16.0
98.0
258.0
55.0
114.0
48.0
153.0
151.0
124.0
33.0
31.0
323.0
76.0
35.0
143.0
122.0
23.0
39.0
30.0
15.0
43.0
95.0
41.0
38.0
98.0
32.0
32.0
60.0
101.0
287.0
110.0
87.0
161.0
145.0
225.0
54.0
50.0
167.0
34.0
313.0
57.0
41.0
26.0
213.0
23.0
421.0
73.0
69.0
114.0
236.0
68.0
20.0
410.0
78.0
176.0
96.0
172.0
43.0
61.0
19.0
339.0
256.0
102.0
140.0
288.0
27.0
20.0
29.0
145.0
50.0
191.0
155.0
81.0
55.0
107.0
84.0
103.0
82.0
136.0
48.0
45.0
73.0
43.0
51.0
172.0
186.0
182.0
59.0
162.0
16.0
47.0
26.0
32.0
211.0
226.0
230.0
23.0
357.0
204.0
92.0
56.0
38.0
51.0
113.0
27.0
174.0
112.0
87.0
31.0
152.0
70.0
453.0
373.0
51.0
176.0
66.0
20.0
85.0
67.0
42.0
38.0
227.0
90.0
85.0
62.0
177.0
29.0
218.0
20.0
212.0
131.0
137.0
67.0
29.0
114.0
43.0
79.0
66.0
47.0
30.0
91.0
76.0
46.0
107.0
200.0
25.0
209.0
189.0
13.0
309.0
118.0
18.0
17.0
147.0
9.0
429.0
100.0
24.0
278.0
297.0
71.0
68.0
104.0
116.0
50.0
200.0
94.0
207.0
80.0
135.0
53.0
144.0
12.0
161.0
24.0
176.0
140.0
353.0
219.0
110.0
218.0
123.0
169.0
198.0
107.0
129.0
240.0
316.0
52.0
186.0
84.0
111.0
86.0
75.0
78.0
192.0
206.0
207.0
50.0
143.0
71.0
171.0
143.0
192.0
101.0
113.0
63.0
133.0
41.0
31.0
195.0
27.0
140.0
64.0
55.0
83.0
101.0
99.0
173.0
171.0
216.0
321.0
64.0
363.0
74.0
61.0
64.0
284.0
48.0
22.0
22.0
55.0
97.0
90.0
57.0
186.0
118.0
29.0
50.0
36.0
252.0
66.0
18.0
80.0
43.0
40.0
128.0
62.0
153.0
106.0
400.0
159.0
45.0
157.0
59.0
175.0
62.0
43.0
290.0
83.0
62.0
303.0
97.0
98.0
300.0
117.0
37.0
34.0
132.0
22.0
93.0
47.0
151.0
146.0
62.0
193.0
100.0
269.0
150.0
34.0
310.0
100.0
145.0
191.0
70.0
51.0
173.0
366.0
41.0
35.0
344.0
140.0
107.0
314.0
271.0
161.0
115.0
50.0
135.0
154.0
219.0
175.0
135.0
50.0
179.0
52.0
64.0
111.0
211.0
177.0
143.0
200.0
119.0
133.0
26.0
135.0
182.0
318.0
178.0
15.0
32.0
68.0
109.0
66.0
50.0
67.0
72.0
75.0
113.0
20.0
174.0
40.0
36.0
49.0
258.0
197.0
189.0
183.0
123.0
25.0
77.0
99.0
545.0
37.0
32.0
197.0
52.0
62.0
237.0
68.0
190.0
254.0
106.0
42.0
143.0
27.0
132.0
22.0
206.0
99.0
264.0
135.0
119.0
251.0
28.0
229.0
100.0
206.0
416.0
61.0
82.0
87.0
146.0
50.0
68.0
52.0
263.0
151.0
292.0
414.0
28.0
101.0
29.0
29.0
50.0
50.0
12.0
95.0
155.0
53.0
115.0
54.0
57.0
83.0
112.0
53.0
141.0
51.0
88.0
42.0
160.0
75.0
107.0
77.0
65.0
192.0
65.0
225.0
127.0
57.0
147.0
102.0
80.0
216.0
128.0
117.0
355.0
114.0
104.0
81.0
97.0
41.0
291.0
356.0
99.0
78.0
334.0
150.0
228.0
332.0
152.0
118.0
309.0
116.0
86.0
188.0
116.0
62.0
19.0
53.0
63.0
103.0
147.0
24.0
42.0
74.0
225.0
44.0
113.0
225.0
254.0
84.0
30.0
114.0
75.0
14.0
124.0
12.0
127.0
160.0
176.0
154.0
93.0
91.0
137.0
402.0
119.0
24.0
229.0
98.0
64.0
297.0
264.0
80.0
58.0
95.0
95.0
101.0
76.0
31.0
36.0
24.0
61.0
266.0
23.0
386.0
50.0
142.0
150.0
290.0
165.0
99.0
34.0
147.0
92.0
39.0
267.0
41.0
28.0
183.0
65.0
177.0
464.0
23.0
76.0
63.0
23.0
32.0
104.0
120.0
227.0
23.0
121.0
106.0
257.0
44.0
91.0
64.0
128.0
53.0
78.0
65.0
124.0
250.0
59.0
95.0
160.0
9.0
361.0
120.0
94.0
67.0
45.0
164.0
71.0
73.0
36.0
246.0
106.0
85.0
140.0
57.0
47.0
203.0
117.0
21.0
326.0
73.0
54.0
311.0
55.0
67.0
79.0
72.0
102.0
136.0
81.0
176.0
95.0
242.0
90.0
110.0
100.0
131.0
83.0
81.0
101.0
322.0
47.0
62.0
257.0
35.0
128.0
30.0
172.0
76.0
56.0
30.0
113.0
44.0
104.0
137.0
235.0
170.0
240.0
88.0
352.0
59.0
167.0
82.0
60.0
94.0
74.0
105.0
79.0
54.0
32.0
70.0
127.0
36.0
220.0
70.0
47.0
14.0
22.0
184.0
88.0
293.0
115.0
83.0
150.0
66.0
100.0
37.0
174.0
308.0
36.0
182.0
33.0
63.0
64.0
74.0
223.0
65.0
102.0
286.0
197.0
172.0
348.0
40.0
83.0
38.0
72.0
108.0
31.0
83.0
86.0
52.0
36.0
136.0
266.0
25.0
58.0
44.0
37.0
56.0
98.0
46.0
230.0
165.0
172.0
65.0
66.0
69.0
31.0
39.0
18.0
205.0
41.0
89.0
253.0
42.0
148.0
367.0
68.0
76.0
124.0
73.0
79.0
81.0
29.0
276.0
131.0
30.0
115.0
91.0
299.0
25.0
61.0
48.0
52.0
140.0
58.0
47.0
96.0
24.0
48.0
39.0
215.0
89.0
99.0
38.0
119.0
131.0
61.0
233.0
291.0
65.0
86.0
32.0
55.0
66.0
240.0
37.0
22.0
216.0
390.0
137.0
71.0
200.0
29.0
23.0
37.0
156.0
73.0
222.0
259.0
163.0
63.0
119.0
100.0
103.0
24.0
42.0
39.0
249.0
12.0
151.0
18.0
34.0
52.0
79.0
47.0
32.0
52.0
76.0
84.0
52.0
132.0
85.0
28.0
156.0
113.0
94.0
65.0
220.0
75.0
139.0
103.0
127.0
28.0
37.0
107.0
179.0
55.0
29.0
99.0
15.0
44.0
37.0
81.0
63.0
25.0
164.0
70.0
125.0
94.0
80.0
214.0
71.0
41.0
54.0
171.0
27.0
132.0
61.0
322.0
179.0
138.0
454.0
235.0
86.0
141.0
22.0
280.0
132.0
31.0
109.0
53.0
42.0
258.0
156.0
128.0
208.0
13.0
210.0
78.0
156.0
53.0
204.0
197.0
135.0
56.0
83.0
176.0
56.0
62.0
66.0
27.0
284.0
509.0
60.0
398.0
161.0
59.0
103.0
37.0
146.0
83.0
43.0
90.0
74.0
28.0
87.0
253.0
60.0
71.0
107.0
37.0
21.0
62.0
16.0
52.0
148.0
91.0
49.0
200.0
267.0
87.0
49.0
286.0
86.0
44.0
170.0
74.0
17.0
32.0
258.0
11.0
50.0
48.0
57.0
175.0
52.0
61.0
187.0
162.0
73.0
163.0
137.0
31.0
200.0
61.0
142.0
67.0
59.0
51.0
83.0
67.0
116.0
52.0
36.0
81.0
235.0
254.0
296.0
40.0
277.0
366.0
64.0
97.0
130.0
137.0
190.0
112.0
65.0
120.0
135.0
123.0
46.0
33.0
58.0
148.0
116.0
119.0
91.0
54.0
167.0
152.0
87.0
36.0
188.0
207.0
146.0
41.0
40.0
68.0
253.0
94.0
122.0
81.0
32.0
60.0
57.0
104.0
65.0
162.0
19.0
28.0
74.0
45.0
115.0
107.0
74.0
229.0
24.0
51.0
96.0
220.0
146.0
89.0
184.0
39.0
358.0
128.0
50.0
74.0
177.0
37.0
135.0
72.0
131.0
73.0
30.0
166.0
58.0
150.0
91.0
60.0
205.0
50.0
84.0
120.0
19.0
104.0
80.0
111.0
51.0
133.0
200.0
148.0
108.0
93.0
39.0
40.0
183.0
114.0
57.0
42.0
93.0
14.0
59.0
65.0
156.0
54.0
93.0
56.0
98.0
141.0
207.0
196.0
48.0
91.0
139.0
166.0
119.0
30.0
268.0
39.0
175.0
132.0
52.0
125.0
21.0
112.0
115.0
64.0
48.0
128.0
50.0
451.0
187.0
252.0
98.0
171.0
39.0
49.0
118.0
30.0
190.0
629.0
117.0
84.0
179.0
88.0
179.0
90.0
22.0
184.0
180.0
77.0
94.0
223.0
210.0
306.0
70.0
65.0
24.0
277.0
35.0
134.0
124.0
30.0
72.0
172.0
145.0
187.0
361.0
307.0
60.0
285.0
61.0
205.0
118.0
185.0
177.0
131.0
25.0
112.0
56.0
87.0
86.0
344.0
217.0
173.0
38.0
158.0
106.0
69.0
167.0
155.0
146.0
51.0
146.0
281.0
92.0
112.0
74.0
25.0
173.0
99.0
218.0
201.0
113.0
64.0
508.0
63.0
80.0
62.0
62.0
205.0
77.0
77.0
54.0
15.0
341.0
103.0
48.0
55.0
79.0
26.0
182.0
45.0
83.0
108.0
149.0
84.0
259.0
42.0
383.0
202.0
373.0
90.0
145.0
32.0
131.0
34.0
62.0
176.0
53.0
44.0
167.0
35.0
47.0
22.0
40.0
52.0
109.0
62.0
311.0
16.0
33.0
57.0
284.0
22.0
94.0
59.0
55.0
58.0
65.0
178.0
102.0
174.0
63.0
46.0
319.0
72.0
35.0
109.0
180.0
65.0
164.0
47.0
37.0
449.0
46.0
157.0
58.0
64.0
39.0
101.0
156.0
129.0
256.0
401.0
123.0
56.0
163.0
181.0
90.0
86.0
140.0
146.0
35.0
41.0
290.0
68.0
138.0
94.0
94.0
126.0
112.0
241.0
66.0
235.0
119.0
134.0
83.0
101.0
212.0
24.0
169.0
191.0
144.0
24.0
87.0
71.0
314.0
73.0
107.0
116.0
127.0
119.0
402.0
35.0
40.0
255.0
97.0
208.0
299.0
37.0
28.0
66.0
166.0
20.0
19.0
220.0
163.0
33.0
101.0
140.0
52.0
143.0
111.0
120.0
198.0
148.0
51.0
70.0
28.0
47.0
56.0
167.0
184.0
87.0
62.0
157.0
195.0
102.0
389.0
20.0
40.0
23.0
44.0
55.0
108.0
166.0
56.0
43.0
33.0
71.0
50.0
41.0
102.0
71.0
69.0
122.0
52.0
239.0
40.0
116.0
84.0
69.0
69.0
18.0
71.0
148.0
134.0
40.0
215.0
36.0
119.0
107.0
55.0
109.0
224.0
228.0
42.0
17.0
73.0
111.0
32.0
471.0
200.0
105.0
99.0
85.0
71.0
270.0
187.0
52.0
48.0
65.0
63.0
48.0
114.0
65.0
29.0
355.0
93.0
131.0
161.0
252.0
76.0
34.0
46.0
41.0
30.0
44.0
178.0
65.0
38.0
59.0
252.0
58.0
167.0
69.0
51.0
66.0
91.0
252.0
130.0
159.0
74.0
108.0
212.0
53.0
62.0
180.0
63.0
105.0
273.0
48.0
165.0
236.0
253.0
207.0
67.0
137.0
38.0
39.0
43.0
52.0
69.0
20.0
83.0
55.0
59.0
169.0
247.0
153.0
314.0
28.0
126.0
24.0
40.0
93.0
133.0
15.0
86.0
54.0
226.0
57.0
32.0
47.0
157.0
101.0
36.0
125.0
96.0
142.0
115.0
170.0
22.0
58.0
215.0
65.0
146.0
141.0
48.0
69.0
191.0
194.0
97.0
264.0
15.0
41.0
130.0
37.0
33.0
102.0
53.0
72.0
294.0
94.0
106.0
62.0
72.0
381.0
122.0
274.0
27.0
24.0
53.0
184.0
22.0
127.0
180.0
92.0
98.0
49.0
79.0
60.0
120.0
188.0
120.0
65.0
159.0
110.0
63.0
122.0
116.0
39.0
366.0
145.0
73.0
122.0
349.0
144.0
66.0
58.0
37.0
31.0
170.0
56.0
89.0
141.0
123.0
127.0
303.0
62.0
153.0
132.0
65.0
293.0
29.0
108.0
31.0
46.0
120.0
65.0
73.0
64.0
14.0
166.0
29.0
245.0
64.0
93.0
145.0
118.0
16.0
138.0
20.0
55.0
124.0
140.0
254.0
114.0
200.0
171.0
158.0
60.0
104.0
51.0
26.0
16.0
206.0
58.0
71.0
114.0
134.0
71.0
77.0
191.0
140.0
167.0
99.0
70.0
118.0
74.0
98.0
130.0
226.0
122.0
114.0
170.0
14.0
178.0
17.0
81.0
85.0
115.0
181.0
102.0
36.0
67.0
138.0
152.0
220.0
122.0
35.0
171.0
61.0
72.0
201.0
21.0
67.0
61.0
337.0
25.0
114.0
20.0
91.0
77.0
157.0
139.0
76.0
119.0
251.0
56.0
45.0
96.0
31.0
70.0
79.0
12.0
39.0
48.0
60.0
67.0
66.0
14.0
107.0
127.0
59.0
58.0
245.0
123.0
105.0
111.0
73.0
123.0
172.0
24.0
28.0
59.0
55.0
173.0
11.0
231.0
63.0
197.0
100.0
33.0
60.0
360.0
63.0
270.0
62.0
82.0
153.0
98.0
137.0
41.0
213.0
202.0
59.0
379.0
66.0
50.0
163.0
73.0
28.0
43.0
100.0
31.0
73.0
123.0
48.0
140.0
76.0
102.0
53.0
191.0
37.0
109.0
175.0
277.0
42.0
280.0
35.0
91.0
19.0
78.0
126.0
147.0
57.0
47.0
60.0
19.0
248.0
138.0
279.0
45.0
59.0
103.0
54.0
35.0
107.0
306.0
39.0
84.0
150.0
48.0
187.0
46.0
455.0
197.0
25.0
213.0
33.0
15.0
135.0
255.0
36.0
221.0
130.0
71.0
18.0
68.0
117.0
183.0
34.0
48.0
97.0
139.0
17.0
65.0
48.0
69.0
32.0
332.0
26.0
55.0
49.0
130.0
48.0
262.0
23.0
59.0
182.0
44.0
230.0
93.0
100.0
11.0
73.0
88.0
85.0
35.0
187.0
136.0
60.0
95.0
57.0
58.0
53.0
201.0
62.0
352.0
66.0
111.0
41.0
29.0
37.0
23.0
233.0
106.0
81.0
127.0
68.0
120.0
109.0
104.0
91.0
149.0
146.0
141.0
201.0
47.0
62.0
335.0
33.0
20.0
164.0
45.0
72.0
62.0
327.0
45.0
47.0
222.0
121.0
366.0
56.0
97.0
81.0
171.0
105.0
132.0
90.0
186.0
107.0
52.0
67.0
53.0
43.0
555.0
113.0
147.0
273.0
27.0
43.0
220.0
153.0
40.0
71.0
34.0
116.0
91.0
193.0
248.0
39.0
269.0
236.0
246.0
60.0
44.0
56.0
182.0
156.0
89.0
27.0
64.0
108.0
89.0
239.0
35.0
69.0
41.0
41.0
133.0
148.0
52.0
395.0
67.0
61.0
28.0
178.0
32.0
41.0
304.0
69.0
91.0
339.0
111.0
22.0
282.0
36.0
89.0
206.0
226.0
7.0
379.0
109.0
71.0
317.0
148.0
62.0
71.0
261.0
104.0
71.0
94.0
235.0
51.0
349.0
148.0
202.0
54.0
86.0
375.0
18.0
147.0
51.0
190.0
222.0
140.0
95.0
71.0
52.0
152.0
236.0
76.0
245.0
39.0
312.0
34.0
159.0
32.0
54.0
80.0
101.0
65.0
310.0
47.0
76.0
68.0
79.0
99.0
44.0
104.0
182.0
22.0
37.0
32.0
368.0
214.0
117.0
174.0
66.0
31.0
36.0
76.0
191.0
58.0
225.0
211.0
134.0
199.0
40.0
59.0
43.0
257.0
88.0
60.0
71.0
47.0
73.0
279.0
53.0
62.0
40.0
25.0
63.0
145.0
81.0
42.0
91.0
313.0
29.0
106.0
78.0
304.0
55.0
54.0
141.0
46.0
79.0
169.0
60.0
89.0
290.0
76.0
128.0
67.0
237.0
179.0
301.0
232.0
113.0
25.0
142.0
89.0
33.0
21.0
136.0
15.0
73.0
101.0
71.0
178.0
41.0
48.0
227.0
23.0
281.0
110.0
70.0
86.0
255.0
40.0
47.0
76.0
49.0
91.0
83.0
53.0
102.0
83.0
180.0
89.0
303.0
167.0
121.0
16.0
47.0
91.0
104.0
105.0
63.0
88.0
76.0
85.0
104.0
66.0
137.0
51.0
98.0
41.0
112.0
127.0
85.0
123.0
31.0
251.0
183.0
162.0
118.0
150.0
211.0
294.0
87.0
47.0
237.0
24.0
98.0
86.0
225.0
175.0
33.0
44.0
35.0
154.0
232.0
63.0
91.0
229.0
33.0
11.0
155.0
80.0
87.0
44.0
55.0
284.0
68.0
84.0
39.0
266.0
53.0
77.0
80.0
148.0
290.0
112.0
8.0
139.0
148.0
162.0
81.0
33.0
136.0
103.0
31.0
108.0
41.0
125.0
87.0
45.0
39.0
53.0
156.0
121.0
126.0
232.0
407.0
60.0
19.0
170.0
28.0
281.0
141.0
277.0
55.0
23.0
172.0
76.0
66.0
199.0
157.0
71.0
100.0
179.0
318.0
41.0
91.0
31.0
35.0
77.0
187.0
69.0
180.0
102.0
185.0
23.0
47.0
110.0
45.0
123.0
178.0
338.0
43.0
172.0
196.0
62.0
84.0
225.0
34.0
35.0
357.0
89.0
41.0
26.0
53.0
43.0
57.0
51.0
115.0
56.0
172.0
56.0
18.0
93.0
211.0
109.0
45.0
55.0
47.0
92.0
72.0
28.0
169.0
46.0
36.0
79.0
60.0
168.0
74.0
161.0
98.0
136.0
23.0
109.0
163.0
259.0
548.0
94.0
22.0
53.0
76.0
280.0
254.0
131.0
177.0
272.0
36.0
110.0
270.0
58.0
158.0
43.0
78.0
125.0
89.0
26.0
213.0
269.0
57.0
109.0
62.0
209.0
145.0
151.0
164.0
56.0
111.0
88.0
172.0
27.0
61.0
153.0
102.0
118.0
201.0
69.0
30.0
128.0
93.0
112.0
600.0
108.0
43.0
160.0
138.0
206.0
95.0
64.0
46.0
42.0
64.0
24.0
98.0
118.0
126.0
31.0
24.0
26.0
62.0
173.0
111.0
285.0
47.0
273.0
43.0
116.0
78.0
95.0
238.0
90.0
43.0
50.0
136.0
274.0
29.0
27.0
28.0
355.0
288.0
57.0
51.0
392.0
95.0
38.0
197.0
124.0
63.0
42.0
159.0
69.0
52.0
51.0
136.0
93.0
138.0
158.0
11.0
166.0
175.0
27.0
58.0
78.0
121.0
297.0
39.0
231.0
72.0
34.0
128.0
23.0
37.0
92.0
103.0
60.0
168.0
98.0
132.0
224.0
135.0
314.0
46.0
89.0
30.0
136.0
168.0
51.0
79.0
49.0
104.0
42.0
29.0
122.0
192.0
48.0
250.0
368.0
144.0
20.0
192.0
82.0
49.0
211.0
170.0
221.0
74.0
365.0
108.0
353.0
106.0
58.0
64.0
78.0
140.0
165.0
68.0
99.0
275.0
31.0
21.0
121.0
100.0
128.0
97.0
208.0
32.0
103.0
610.0
49.0
76.0
145.0
217.0
185.0
20.0
365.0
31.0
302.0
25.0
100.0
73.0
116.0
24.0
39.0
70.0
126.0
51.0
253.0
67.0
98.0
53.0
39.0
34.0
42.0
71.0
194.0
464.0
323.0
30.0
122.0
48.0
81.0
33.0
66.0
63.0
42.0
20.0
33.0
26.0
181.0
129.0
155.0
44.0
107.0
51.0
98.0
147.0
78.0
375.0
240.0
67.0
44.0
66.0
154.0
43.0
150.0
101.0
106.0
339.0
108.0
347.0
67.0
103.0
72.0
69.0
183.0
41.0
42.0
286.0
233.0
194.0
78.0
28.0
38.0
145.0
58.0
307.0
48.0
58.0
334.0
80.0
231.0
115.0
57.0
158.0
89.0
11.0
81.0
266.0
86.0
213.0
85.0
110.0
157.0
184.0
25.0
218.0
18.0
57.0
171.0
110.0
133.0
202.0
79.0
283.0
121.0
27.0
102.0
21.0
376.0
30.0
57.0
38.0
215.0
106.0
276.0
221.0
135.0
97.0
33.0
182.0
458.0
89.0
54.0
36.0
562.0
26.0
52.0
115.0
82.0
20.0
234.0
176.0
91.0
41.0
179.0
76.0
39.0
43.0
48.0
81.0
31.0
64.0
162.0
187.0
179.0
140.0
184.0
69.0
63.0
146.0
71.0
229.0
40.0
264.0
72.0
109.0
44.0
200.0
66.0
194.0
248.0
88.0
91.0
178.0
101.0
39.0
55.0
296.0
276.0
41.0
65.0
103.0
122.0
39.0
235.0
33.0
29.0
182.0
450.0
27.0
121.0
75.0
48.0
193.0
29.0
167.0
25.0
285.0
492.0
96.0
112.0
62.0
142.0
76.0
53.0
244.0
91.0
41.0
78.0
130.0
87.0
110.0
122.0
75.0
77.0
148.0
29.0
127.0
93.0
87.0
51.0
164.0
129.0
217.0
60.0
125.0
200.0
32.0
93.0
131.0
134.0
136.0
51.0
140.0
27.0
213.0
262.0
31.0
43.0
299.0
163.0
85.0
53.0
169.0
213.0
218.0
177.0
41.0
132.0
102.0
126.0
48.0
284.0
83.0
406.0
38.0
31.0
75.0
72.0
131.0
142.0
161.0
31.0
252.0
149.0
122.0
39.0
72.0
188.0
32.0
81.0
31.0
203.0
32.0
107.0
23.0
58.0
45.0
210.0
23.0
60.0
16.0
19.0
105.0
17.0
155.0
149.0
62.0
38.0
46.0
112.0
299.0
427.0
328.0
65.0
251.0
78.0
125.0
70.0
283.0
66.0
73.0
201.0
168.0
20.0
145.0
10.0
175.0
116.0
68.0
96.0
182.0
475.0
418.0
71.0
39.0
37.0
23.0
237.0
27.0
44.0
132.0
121.0
85.0
83.0
86.0
112.0
83.0
206.0
59.0
163.0
152.0
72.0
90.0
37.0
161.0
62.0
169.0
272.0
240.0
246.0
97.0
90.0
76.0
77.0
112.0
56.0
271.0
134.0
63.0
19.0
142.0
91.0
59.0
326.0
70.0
157.0
93.0
113.0
33.0
146.0
88.0
37.0
73.0
216.0
41.0
292.0
189.0
104.0
215.0
138.0
53.0
154.0
121.0
81.0
221.0
84.0
145.0
238.0
26.0
88.0
180.0
24.0
88.0
179.0
118.0
41.0
20.0
38.0
139.0
184.0
125.0
204.0
75.0
44.0
41.0
234.0
342.0
64.0
36.0
530.0
18.0
136.0
131.0
57.0
79.0
28.0
52.0
225.0
74.0
61.0
148.0
90.0
262.0
157.0
129.0
136.0
101.0
24.0
82.0
76.0
49.0
63.0
310.0
402.0
181.0
131.0
27.0
110.0
261.0
55.0
111.0
84.0
50.0
111.0
208.0
45.0
33.0
300.0
271.0
139.0
11.0
43.0
47.0
268.0
168.0
87.0
113.0
47.0
159.0
60.0
239.0
155.0
169.0
200.0
32.0
129.0
110.0
43.0
186.0
47.0
110.0
65.0
107.0
47.0
146.0
222.0
73.0
375.0
55.0
49.0
116.0
54.0
18.0
81.0
188.0
77.0
101.0
23.0
155.0
47.0
45.0
148.0
61.0
169.0
67.0
320.0
124.0
38.0
26.0
159.0
28.0
22.0
82.0
127.0
72.0
63.0
29.0
75.0
246.0
106.0
72.0
58.0
37.0
103.0
302.0
189.0
48.0
141.0
62.0
203.0
272.0
47.0
127.0
226.0
242.0
146.0
28.0
364.0
408.0
386.0
232.0
200.0
32.0
297.0
88.0
23.0
395.0
242.0
101.0
77.0
126.0
19.0
57.0
56.0
153.0
43.0
47.0
65.0
199.0
178.0
101.0
128.0
230.0
112.0
403.0
104.0
22.0
40.0
30.0
50.0
44.0
69.0
156.0
34.0
146.0
60.0
23.0
89.0
162.0
77.0
54.0
138.0
43.0
21.0
210.0
82.0
125.0
207.0
69.0
57.0
17.0
119.0
63.0
116.0
68.0
122.0
39.0
75.0
99.0
60.0
121.0
56.0
219.0
167.0
326.0
38.0
72.0
147.0
152.0
128.0
24.0
134.0
195.0
37.0
146.0
242.0
15.0
102.0
49.0
41.0
93.0
30.0
70.0
189.0
120.0
62.0
59.0
69.0
160.0
149.0
13.0
90.0
55.0
278.0
88.0
45.0
93.0
201.0
29.0
108.0
40.0
205.0
177.0
19.0
76.0
122.0
78.0
92.0
47.0
140.0
92.0
95.0
220.0
49.0
344.0
90.0
124.0
191.0
33.0
193.0
87.0
38.0
189.0
105.0
90.0
244.0
172.0
75.0
79.0
172.0
351.0
118.0
75.0
160.0
38.0
84.0
102.0
122.0
162.0
105.0
252.0
40.0
161.0
65.0
106.0
154.0
74.0
119.0
137.0
40.0
36.0
186.0
138.0
73.0
100.0
187.0
68.0
98.0
76.0
94.0
117.0
101.0
152.0
238.0
149.0
164.0
98.0
68.0
342.0
46.0
131.0
79.0
117.0
71.0
143.0
227.0
199.0
244.0
66.0
97.0
143.0
298.0
50.0
41.0
65.0
259.0
53.0
126.0
44.0
32.0
64.0
34.0
99.0
95.0
49.0
130.0
32.0
42.0
166.0
211.0
67.0
234.0
53.0
59.0
23.0
44.0
36.0
102.0
53.0
83.0
179.0
54.0
445.0
58.0
128.0
90.0
215.0
122.0
89.0
72.0
155.0
272.0
54.0
105.0
152.0
198.0
183.0
234.0
135.0
21.0
60.0
74.0
140.0
318.0
91.0
120.0
236.0
89.0
52.0
39.0
64.0
238.0
62.0
184.0
203.0
110.0
88.0
366.0
206.0
54.0
160.0
130.0
127.0
132.0
173.0
104.0
178.0
100.0
61.0
158.0
159.0
582.0
86.0
41.0
77.0
146.0
51.0
85.0
94.0
173.0
78.0
156.0
134.0
43.0
35.0
54.0
23.0
280.0
312.0
61.0
49.0
11.0
210.0
86.0
67.0
125.0
106.0
34.0
424.0
195.0
36.0
174.0
205.0
245.0
464.0
24.0
59.0
101.0
68.0
119.0
90.0
213.0
351.0
57.0
40.0
56.0
54.0
141.0
205.0
104.0
94.0
128.0
280.0
87.0
94.0
90.0
71.0
55.0
50.0
150.0
71.0
62.0
64.0
53.0
57.0
152.0
100.0
62.0
54.0
153.0
143.0
74.0
130.0
238.0
212.0
66.0
159.0
73.0
182.0
41.0
77.0
98.0
27.0
126.0
115.0
175.0
106.0
108.0
170.0
150.0
31.0
210.0
134.0
158.0
86.0
35.0
78.0
304.0
64.0
170.0
14.0
156.0
61.0
13.0
35.0
39.0
48.0
111.0
151.0
136.0
158.0
79.0
144.0
31.0
55.0
22.0
164.0
212.0
154.0
75.0
275.0
100.0
181.0
30.0
106.0
88.0
19.0
52.0
15.0
100.0
107.0
63.0
110.0
41.0
59.0
109.0
90.0
295.0
48.0
20.0
330.0
32.0
134.0
220.0
153.0
196.0
78.0
59.0
80.0
108.0
52.0
46.0
48.0
342.0
85.0
44.0
93.0
101.0
63.0
29.0
33.0
257.0
45.0
99.0
120.0
247.0
181.0
106.0
232.0
213.0
106.0
35.0
59.0
132.0
85.0
76.0
305.0
160.0
86.0
19.0
217.0
96.0
18.0
59.0
62.0
346.0
594.0
65.0
72.0
41.0
23.0
82.0
50.0
139.0
124.0
131.0
123.0
399.0
21.0
67.0
128.0
46.0
55.0
71.0
23.0
42.0
210.0
352.0
119.0
61.0
98.0
226.0
119.0
119.0
284.0
103.0
182.0
281.0
151.0
119.0
88.0
82.0
149.0
210.0
50.0
31.0
15.0
75.0
103.0
60.0
24.0
86.0
195.0
315.0
59.0
84.0
251.0
42.0
81.0
24.0
274.0
56.0
35.0
174.0
74.0
179.0
95.0
63.0
58.0
258.0
186.0
58.0
110.0
62.0
115.0
87.0
167.0
179.0
100.0
31.0
238.0
23.0
20.0
42.0
37.0
36.0
147.0
76.0
46.0
126.0
90.0
30.0
394.0
23.0
170.0
182.0
25.0
230.0
92.0
30.0
54.0
25.0
216.0
88.0
64.0
116.0
602.0
139.0
208.0
195.0
29.0
32.0
48.0
456.0
161.0
208.0
133.0
88.0
272.0
107.0
154.0
86.0
191.0
89.0
14.0
38.0
178.0
110.0
65.0
156.0
24.0
66.0
16.0
52.0
63.0
286.0
27.0
92.0
85.0
233.0
67.0
100.0
23.0
66.0
114.0
36.0
118.0
233.0
36.0
248.0
61.0
117.0
68.0
360.0
173.0
63.0
23.0
75.0
152.0
108.0
86.0
44.0
232.0
132.0
54.0
77.0
52.0
103.0
35.0
49.0
337.0
112.0
232.0
68.0
86.0
142.0
109.0
36.0
254.0
116.0
107.0
90.0
135.0
39.0
167.0
51.0
93.0
142.0
67.0
178.0
51.0
94.0
113.0
63.0
69.0
83.0
64.0
56.0
88.0
171.0
103.0
59.0
38.0
142.0
74.0
44.0
14.0
278.0
29.0
186.0
243.0
187.0
30.0
22.0
65.0
81.0
112.0
138.0
104.0
239.0
84.0
80.0
57.0
183.0
74.0
49.0
29.0
55.0
128.0
143.0
199.0
206.0
18.0
156.0
227.0
42.0
47.0
63.0
38.0
344.0
65.0
108.0
56.0
119.0
92.0
105.0
42.0
194.0
87.0
95.0
103.0
60.0
144.0
20.0
57.0
179.0
155.0
259.0
48.0
91.0
41.0
23.0
38.0
185.0
150.0
200.0
24.0
36.0
302.0
23.0
245.0
45.0
63.0
256.0
136.0
104.0
191.0
87.0
91.0
88.0
72.0
62.0
85.0
61.0
59.0
113.0
306.0
164.0
45.0
109.0
83.0
135.0
99.0
18.0
38.0
54.0
206.0
119.0
254.0
40.0
176.0
18.0
87.0
36.0
21.0
45.0
256.0
89.0
75.0
180.0
16.0
284.0
36.0
71.0
45.0
20.0
300.0
376.0
60.0
183.0
48.0
107.0
158.0
78.0
52.0
39.0
129.0
106.0
73.0
162.0
112.0
96.0
40.0
66.0
454.0
243.0
42.0
135.0
54.0
31.0
100.0
82.0
142.0
90.0
36.0
61.0
19.0
31.0
42.0
40.0
78.0
128.0
46.0
34.0
40.0
116.0
27.0
125.0
130.0
185.0
52.0
109.0
64.0
106.0
58.0
175.0
261.0
23.0
44.0
41.0
42.0
66.0
24.0
513.0
568.0
63.0
89.0
83.0
35.0
168.0
173.0
314.0
53.0
74.0
226.0
191.0
283.0
260.0
88.0
35.0
157.0
28.0
65.0
199.0
123.0
77.0
49.0
75.0
320.0
78.0
292.0
51.0
77.0
114.0
154.0
100.0
134.0
55.0
78.0
237.0
51.0
72.0
39.0
33.0
99.0
203.0
152.0
98.0
151.0
77.0
285.0
18.0
191.0
169.0
105.0
137.0
88.0
99.0
58.0
156.0
163.0
130.0
237.0
144.0
48.0
194.0
55.0
32.0
89.0
71.0
91.0
321.0
41.0
60.0
92.0
58.0
32.0
81.0
288.0
75.0
79.0
162.0
56.0
129.0
333.0
18.0
81.0
22.0
348.0
56.0
34.0
64.0
101.0
224.0
28.0
392.0
38.0
146.0
37.0
141.0
49.0
33.0
119.0
110.0
263.0
46.0
37.0
180.0
52.0
83.0
199.0
397.0
23.0
28.0
224.0
40.0
156.0
52.0
126.0
107.0
52.0
180.0
155.0
145.0
136.0
39.0
312.0
48.0
252.0
48.0
268.0
98.0
234.0
85.0
107.0
74.0
45.0
58.0
330.0
84.0
149.0
204.0
32.0
85.0
141.0
226.0
88.0
236.0
361.0
45.0
100.0
188.0
159.0
306.0
94.0
37.0
29.0
73.0
100.0
128.0
45.0
34.0
167.0
41.0
39.0
271.0
203.0
211.0
17.0
99.0
64.0
43.0
114.0
255.0
92.0
65.0
67.0
155.0
109.0
84.0
55.0
199.0
84.0
138.0
278.0
93.0
69.0
26.0
138.0
102.0
28.0
84.0
107.0
99.0
144.0
37.0
79.0
100.0
307.0
34.0
45.0
63.0
131.0
99.0
54.0
72.0
41.0
16.0
145.0
33.0
459.0
12.0
67.0
61.0
198.0
224.0
99.0
126.0
224.0
48.0
70.0
56.0
249.0
234.0
171.0
94.0
28.0
70.0
177.0
66.0
16.0
70.0
205.0
45.0
155.0
17.0
135.0
108.0
192.0
83.0
345.0
34.0
274.0
122.0
89.0
99.0
98.0
210.0
151.0
235.0
158.0
42.0
318.0
194.0
46.0
230.0
115.0
38.0
30.0
93.0
78.0
353.0
132.0
35.0
214.0
19.0
94.0
48.0
100.0
50.0
232.0
102.0
41.0
208.0
378.0
92.0
57.0
87.0
40.0
89.0
136.0
47.0
44.0
92.0
150.0
41.0
25.0
47.0
180.0
34.0
40.0
139.0
39.0
69.0
297.0
50.0
76.0
43.0
148.0
34.0
108.0
56.0
109.0
78.0
269.0
48.0
90.0
134.0
332.0
21.0
412.0
180.0
168.0
196.0
551.0
226.0
137.0
340.0
72.0
155.0
188.0
182.0
208.0
50.0
24.0
35.0
133.0
23.0
28.0
48.0
56.0
29.0
96.0
85.0
74.0
78.0
285.0
140.0
37.0
22.0
50.0
25.0
146.0
145.0
148.0
194.0
110.0
106.0
81.0
222.0
45.0
245.0
30.0
122.0
184.0
54.0
61.0
20.0
32.0
55.0
35.0
58.0
56.0
39.0
103.0
102.0
258.0
79.0
173.0
168.0
33.0
23.0
134.0
29.0
77.0
180.0
55.0
153.0
44.0
253.0
64.0
47.0
293.0
141.0
230.0
103.0
77.0
132.0
75.0
134.0
82.0
21.0
36.0
139.0
203.0
45.0
67.0
33.0
281.0
119.0
104.0
80.0
31.0
50.0
15.0
46.0
90.0
208.0
35.0
313.0
27.0
373.0
33.0
113.0
66.0
207.0
39.0
78.0
36.0
188.0
33.0
79.0
53.0
270.0
74.0
169.0
247.0
312.0
87.0
144.0
338.0
380.0
23.0
132.0
39.0
27.0
41.0
142.0
32.0
53.0
20.0
46.0
85.0
110.0
362.0
33.0
223.0
55.0
65.0
90.0
53.0
199.0
74.0
352.0
320.0
31.0
135.0
130.0
134.0
19.0
69.0
31.0
20.0
147.0
44.0
94.0
95.0
178.0
99.0
47.0
69.0
24.0
87.0
48.0
76.0
131.0
357.0
127.0
41.0
21.0
302.0
100.0
163.0
63.0
301.0
295.0
227.0
168.0
177.0
40.0
37.0
67.0
114.0
45.0
31.0
72.0
182.0
44.0
57.0
31.0
55.0
105.0
59.0
100.0
78.0
144.0
70.0
24.0
94.0
52.0
37.0
225.0
39.0
93.0
261.0
76.0
64.0
16.0
96.0
250.0
52.0
112.0
42.0
100.0
88.0
116.0
260.0
60.0
66.0
69.0
43.0
56.0
282.0
12.0
256.0
109.0
51.0
356.0
65.0
38.0
67.0
30.0
55.0
56.0
100.0
311.0
208.0
167.0
75.0
57.0
274.0
42.0
113.0
67.0
133.0
255.0
81.0
114.0
138.0
55.0
291.0
177.0
49.0
89.0
70.0
154.0
87.0
48.0
139.0
107.0
84.0
67.0
122.0
111.0
119.0
88.0
231.0
73.0
92.0
74.0
20.0
39.0
69.0
120.0
455.0
77.0
78.0
82.0
17.0
118.0
45.0
285.0
45.0
31.0
99.0
58.0
141.0
110.0
27.0
41.0
26.0
38.0
126.0
25.0
82.0
339.0
49.0
60.0
92.0
127.0
287.0
101.0
148.0
311.0
162.0
69.0
31.0
79.0
155.0
38.0
149.0
57.0
348.0
398.0
64.0
205.0
205.0
128.0
66.0
179.0
65.0
22.0
72.0
261.0
83.0
231.0
82.0
104.0
42.0
59.0
268.0
103.0
77.0
204.0
232.0
87.0
167.0
339.0
383.0
146.0
144.0
26.0
190.0
284.0
45.0
104.0
389.0
36.0
206.0
48.0
205.0
173.0
45.0
118.0
173.0
46.0
125.0
90.0
33.0
17.0
126.0
141.0
136.0
62.0
168.0
59.0
85.0
59.0
46.0
25.0
477.0
233.0
42.0
135.0
154.0
135.0
321.0
43.0
82.0
55.0
122.0
42.0
219.0
78.0
125.0
532.0
110.0
110.0
7.0
90.0
153.0
296.0
16.0
211.0
63.0
180.0
85.0
20.0
81.0
92.0
113.0
165.0
120.0
298.0
92.0
386.0
42.0
402.0
134.0
185.0
32.0
108.0
275.0
106.0
48.0
109.0
63.0
81.0
138.0
133.0
132.0
106.0
39.0
13.0
113.0
89.0
198.0
82.0
133.0
22.0
30.0
124.0
84.0
199.0
55.0
60.0
46.0
160.0
105.0
123.0
235.0
49.0
95.0
272.0
34.0
94.0
95.0
29.0
41.0
140.0
63.0
222.0
112.0
99.0
180.0
245.0
67.0
68.0
272.0
222.0
58.0
379.0
47.0
105.0
64.0
122.0
103.0
48.0
228.0
239.0
321.0
50.0
277.0
48.0
108.0
39.0
23.0
136.0
47.0
153.0
95.0
34.0
89.0
89.0
226.0
137.0
57.0
305.0
39.0
35.0
18.0
80.0
62.0
430.0
33.0
39.0
249.0
135.0
320.0
58.0
167.0
319.0
31.0
86.0
290.0
41.0
77.0
37.0
96.0
45.0
46.0
257.0
36.0
527.0
45.0
454.0
247.0
22.0
277.0
99.0
53.0
38.0
39.0
42.0
35.0
102.0
372.0
270.0
279.0
253.0
89.0
97.0
246.0
59.0
55.0
83.0
256.0
242.0
22.0
25.0
121.0
42.0
66.0
123.0
83.0
213.0
30.0
56.0
103.0
86.0
99.0
98.0
120.0
48.0
122.0
72.0
26.0
94.0
75.0
22.0
69.0
187.0
45.0
60.0
51.0
499.0
115.0
126.0
34.0
60.0
139.0
165.0
267.0
64.0
279.0
57.0
99.0
84.0
307.0
95.0
12.0
76.0
220.0
40.0
375.0
49.0
227.0
140.0
49.0
154.0
54.0
52.0
120.0
205.0
232.0
193.0
71.0
24.0
21.0
299.0
27.0
89.0
146.0
71.0
36.0
213.0
25.0
64.0
134.0
65.0
93.0
164.0
26.0
150.0
541.0
82.0
55.0
44.0
386.0
85.0
28.0
338.0
50.0
13.0
74.0
37.0
134.0
191.0
26.0
89.0
133.0
25.0
60.0
28.0
61.0
78.0
27.0
315.0
89.0
246.0
83.0
248.0
64.0
16.0
65.0
77.0
326.0
127.0
59.0
279.0
323.0
64.0
256.0
72.0
129.0
229.0
49.0
63.0
56.0
86.0
167.0
21.0
26.0
63.0
347.0
62.0
26.0
38.0
291.0
69.0
45.0
78.0
152.0
205.0
76.0
38.0
148.0
261.0
57.0
32.0
140.0
66.0
208.0
130.0
93.0
54.0
170.0
281.0
139.0
344.0
50.0
199.0
427.0
42.0
37.0
40.0
135.0
113.0
316.0
226.0
85.0
23.0
111.0
224.0
70.0
108.0
88.0
58.0
114.0
33.0
90.0
57.0
231.0
82.0
65.0
63.0
97.0
255.0
61.0
54.0
290.0
189.0
53.0
141.0
45.0
35.0
176.0
38.0
208.0
81.0
70.0
93.0
205.0
60.0
91.0
39.0
33.0
140.0
43.0
179.0
33.0
33.0
31.0
204.0
16.0
147.0
84.0
273.0
33.0
42.0
24.0
36.0
147.0
105.0
242.0
43.0
68.0
167.0
94.0
126.0
248.0
30.0
51.0
56.0
305.0
47.0
198.0
131.0
133.0
231.0
227.0
49.0
444.0
91.0
37.0
61.0
254.0
209.0
39.0
23.0
36.0
101.0
253.0
139.0
148.0
170.0
85.0
180.0
143.0
142.0
85.0
154.0
137.0
167.0
59.0
184.0
22.0
77.0
299.0
245.0
109.0
199.0
53.0
88.0
482.0
24.0
149.0
86.0
35.0
82.0
70.0
120.0
67.0
291.0
28.0
105.0
32.0
62.0
250.0
75.0
19.0
51.0
167.0
108.0
54.0
114.0
140.0
105.0
320.0
166.0
150.0
158.0
188.0
47.0
110.0
39.0
134.0
46.0
39.0
45.0
55.0
62.0
175.0
69.0
184.0
119.0
81.0
373.0
263.0
48.0
74.0
25.0
159.0
147.0
134.0
278.0
216.0
147.0
55.0
67.0
40.0
102.0
290.0
50.0
19.0
65.0
161.0
275.0
158.0
73.0
110.0
121.0
285.0
278.0
40.0
16.0
187.0
94.0
132.0
121.0
104.0
17.0
60.0
187.0
56.0
51.0
103.0
203.0
194.0
207.0
153.0
76.0
75.0
67.0
31.0
259.0
100.0
64.0
45.0
198.0
93.0
103.0
60.0
78.0
65.0
53.0
180.0
101.0
373.0
115.0
99.0
116.0
132.0
155.0
62.0
221.0
61.0
230.0
263.0
64.0
295.0
34.0
155.0
113.0
222.0
75.0
29.0
92.0
52.0
18.0
59.0
137.0
74.0
67.0
31.0
94.0
22.0
39.0
137.0
46.0
142.0
51.0
82.0
102.0
192.0
53.0
153.0
35.0
87.0
62.0
34.0
87.0
101.0
67.0
126.0
58.0
111.0
85.0
102.0
228.0
84.0
86.0
273.0
129.0
46.0
231.0
190.0
164.0
232.0
38.0
225.0
22.0
134.0
192.0
51.0
178.0
78.0
138.0
37.0
80.0
75.0
53.0
55.0
75.0
232.0
56.0
45.0
30.0
80.0
55.0
16.0
131.0
432.0
202.0
119.0
54.0
52.0
94.0
44.0
136.0
39.0
223.0
394.0
74.0
167.0
39.0
150.0
137.0
409.0
53.0
95.0
222.0
135.0
301.0
80.0
85.0
178.0
90.0
87.0
28.0
132.0
318.0
56.0
58.0
439.0
154.0
43.0
101.0
257.0
100.0
159.0
113.0
36.0
279.0
48.0
62.0
62.0
53.0
112.0
308.0
71.0
276.0
138.0
144.0
106.0
173.0
78.0
166.0
41.0
109.0
443.0
36.0
84.0
171.0
166.0
153.0
125.0
160.0
42.0
188.0
55.0
34.0
175.0
63.0
105.0
124.0
77.0
178.0
68.0
128.0
320.0
44.0
28.0
131.0
288.0
63.0
158.0
128.0
19.0
118.0
43.0
33.0
72.0
60.0
89.0
71.0
46.0
270.0
57.0
111.0
143.0
74.0
138.0
625.0
26.0
257.0
85.0
112.0
169.0
138.0
141.0
33.0
42.0
625.0
122.0
20.0
51.0
133.0
65.0
78.0
119.0
87.0
48.0
93.0
27.0
154.0
121.0
42.0
55.0
216.0
131.0
291.0
17.0
54.0
115.0
106.0
74.0
196.0
150.0
59.0
101.0
75.0
62.0
100.0
130.0
94.0
118.0
81.0
43.0
341.0
60.0
197.0
130.0
254.0
49.0
354.0
184.0
142.0
57.0
264.0
119.0
102.0
129.0
64.0
56.0
120.0
35.0
183.0
114.0
149.0
121.0
32.0
141.0
149.0
409.0
68.0
116.0
84.0
113.0
146.0
142.0
25.0
90.0
86.0
50.0
41.0
50.0
122.0
29.0
137.0
77.0
88.0
37.0
26.0
29.0
44.0
129.0
231.0
103.0
24.0
199.0
198.0
166.0
323.0
267.0
38.0
27.0
63.0
55.0
39.0
204.0
23.0
37.0
124.0
62.0
360.0
97.0
64.0
120.0
136.0
234.0
56.0
181.0
56.0
78.0
90.0
38.0
18.0
126.0
394.0
389.0
41.0
71.0
81.0
83.0
153.0
88.0
64.0
82.0
119.0
132.0
172.0
50.0
195.0
21.0
228.0
140.0
63.0
14.0
85.0
134.0
36.0
203.0
141.0
38.0
87.0
542.0
92.0
43.0
67.0
89.0
125.0
353.0
110.0
66.0
127.0
297.0
36.0
23.0
31.0
59.0
175.0
183.0
158.0
62.0
47.0
310.0
81.0
55.0
47.0
21.0
88.0
61.0
60.0
178.0
197.0
158.0
57.0
146.0
95.0
65.0
48.0
83.0
